33888.15,33794.10,38016.58,38157.31
6.868
10.904
1.941
4.904
27.979
3.573
10.416
4.549
3.583
33898.07,33813.48,38051.40,38172.00
6.849
10.901
1.943
4.916
27.866
3.531
10.407
4.487
3.577
34026.13,33932.31,38186.30,38287.55
6.873
10.951
1.972
4.919
27.930
3.548
10.422
4.515
3.571
33829.03,33756.75,37940.25,38170.25
6.848
10.935
1.949
4.908
27.988
3.553
10.430
4.494
3.569
33936.89,33843.60,38131.21,38312.27
6.832
10.863
1.942
4.902
28.042
3.539
10.441
4.450
3.603
33880.60,33800.47,38095.32,38228.76
6.826
10.926
1.943
4.917
27.851
3.587
10.419
4.471
3.591
33996.54,33906.97,38181.60,38254.77
6.823
10.891
1.969
4.897
28.065
3.626
10.396
4.524
3.606
33873.06,33779.15,38005.99,38157.77
6.819
10.923
1.947
4.919
27.842
3.557
10.421
4.464
3.575
33993.70,33902.65,38158.94,38312.97
6.870
10.883
1.949
4.900
27.866
3.575
10.434
4.577
3.608
33815.49,33721.02,37971.23,38226.48
6.867
10.895
1.942
4.929
27.952
3.544
10.423
4.528
3.593
33852.88,33793.86,38018.05,38194.32
6.901
10.956
1.952
4.924
27.885
3.557
10.418
4.492
3.600
33950.53,33851.78,38102.96,38314.52
6.860
10.859
1.970
4.900
27.860
3.573
10.442
4.549
3.589
33753.74,33685.06,37870.33,38102.38
6.884
10.897
1.986
4.922
27.960
3.557
10.412
4.472
3.586
34077.90,33954.08,38247.08,38263.53
6.845
10.893
1.970
4.910
27.876
3.607
10.396
4.501
3.628
33905.55,33819.74,38035.94,38199.01
6.859
10.918
1.942
4.921
27.939
3.543
10.427
4.564
3.582
33776.56,33717.94,37957.21,38139.58
6.809
10.875
1.941
4.900
27.902
3.550
10.432
4.556
3.588
33827.99,33758.70,37988.74,38158.89
6.866
10.915
1.964
4.922
27.895
3.517
10.439
4.490
3.603
33781.44,33707.52,37919.18,38121.49
6.890
10.896
1.946
4.920
27.999
3.545
10.420
4.544
3.581
33924.29,33830.06,38109.83,38240.59
6.809
10.875
1.940
4.919
27.788
3.564
10.414
4.508
3.594
33928.81,33830.74,38098.50,38235.96
6.851
10.922
1.943
4.905
27.877
3.534
10.405
4.478
3.575
33898.67,33817.41,38069.67,38183.42
6.842
10.898
1.974
4.917
27.869
3.560
10.420
4.515
3.590
33801.67,33719.43,37967.12,38047.04
6.871
10.880
1.945
4.903
27.886
3.546
10.375
4.457
3.629
33881.05,33798.99,38005.77,38199.35
6.851
10.880
1.948
4.907
27.892
3.535
10.454
4.472
3.588
33727.50,33656.04,37887.35,38100.11
6.892
10.897
1.944
4.895
27.863
3.553
10.409
4.491
3.588
33841.54,33774.36,37961.43,38145.27
6.859
10.891
1.945
4.924
27.853
3.534
10.404
4.526
3.585
33877.15,33790.13,38030.06,38186.67
6.860
10.879
1.942
4.916
27.787
3.552
10.432
4.530
3.605
33880.80,33821.55,38090.12,38117.74
6.866
10.919
1.948
4.903
28.019
3.549
10.411
4.476
3.586
33870.98,33763.14,38024.21,38097.76
6.868
10.869
1.951
4.915
27.894
3.511
10.407
4.465
3.573
33862.65,33828.75,38069.27,38158.68
6.817
10.879
1.944
4.910
27.915
3.569
10.419
4.476
3.580
33909.39,33829.28,38061.15,38265.94
6.821
10.957
1.968
4.916
27.893
3.586
10.441
4.535
3.586
33988.13,33863.74,38107.06,38284.48
6.881
10.903
1.984
4.917
27.873
3.522
10.388
4.486
3.606
33785.98,33694.72,37942.40,38109.37
6.827
10.891
1.941
4.915
27.972
3.550
10.421
4.558
3.595
33919.61,33849.17,38108.25,38175.76
6.883
10.892
1.942
4.932
27.996
3.565
10.401
4.486
3.582
33957.71,33863.05,38118.05,38325.73
6.871
10.906
1.946
4.913
27.942
3.533
10.431
4.499
3.594
33838.63,33780.42,38051.32,38154.90
6.858
10.907
1.941
4.925
27.817
3.601
10.435
4.502
3.561
33888.20,33803.63,38106.78,38089.36
6.879
10.990
1.944
4.917
27.918
3.513
10.423
4.512
3.573
33759.37,33681.18,37896.84,38129.51
6.873
11.036
1.943
4.894
28.056
3.562
10.413
4.479
3.574
33917.22,33845.24,38100.33,38249.33
6.844
10.894
1.949
4.919
27.968
3.556
10.430
4.529
3.590
33890.54,33838.59,38108.99,38154.00
6.872
10.900
1.943
4.931
27.902
3.630
10.401
4.503
3.579
33812.31,33746.51,37971.98,38126.40
6.850
10.914
1.941
4.917
27.951
3.537
10.367
4.466
3.581
33710.06,33622.44,37824.47,38143.22
6.834
10.884
1.951
4.908
28.025
3.559
10.406
4.473
3.590
33842.08,33737.70,38014.26,38163.15
6.902
10.978
1.942
4.915
27.856
3.548
10.427
4.500
3.582
33817.21,33738.44,37946.21,38054.34
6.859
10.913
1.945
4.922
27.972
3.554
10.413
4.677
3.577
33643.46,33623.13,37797.02,37759.58
6.867
10.938
1.943
4.906
27.703
3.553
10.416
4.459
3.613
33930.77,33834.92,38078.83,38207.54
6.884
10.920
1.945
4.909
27.957
3.564
10.449
4.564
3.587
33848.85,33773.70,38010.37,38234.94
6.844
10.912
1.945
4.909
27.952
3.564
10.384
4.472
3.599
33820.89,33739.38,37970.82,38105.69
6.867
10.893
1.942
4.904
27.965
3.596
10.407
4.473
3.587
33960.65,33885.82,38180.59,38249.12
6.863
10.886
1.944
4.923
27.941
3.579
10.413
4.533
3.575
33768.74,33691.29,37878.09,38095.77
6.858
10.855
1.944
4.914
28.083
3.519
10.482
4.484
3.603
33862.57,33782.41,37973.86,38191.91
6.816
10.934
1.943
4.912
27.917
3.579
10.395
4.578
3.633
33885.84,33812.12,38096.88,38107.42
6.926
10.923
1.942
4.912
27.978
3.519
10.419
4.498
3.580
33759.70,33723.96,37957.54,38120.66
6.827
10.897
1.964
4.912
28.096
3.541
10.477
4.534
3.587
33937.67,33843.84,38109.09,38260.19
6.838
10.883
1.971
4.904
27.960
3.558
10.394
4.718
3.593
33722.72,33640.25,37780.55,37773.86
6.919
10.916
1.947
4.906
27.958
3.523
10.402
4.501
3.579
33819.38,33722.98,37939.14,38099.05
6.878
10.885
1.943
4.912
27.983
3.534
10.436
4.484
3.584
33899.36,33809.89,38101.09,38194.62
6.857
10.873
1.962
4.922
27.835
3.571
10.448
4.444
3.596
33820.10,33757.65,37996.13,38158.88
6.866
10.890
1.967
4.909
28.023
3.518
10.421
4.524
3.594
33919.50,33803.49,38020.21,38149.80
6.860
10.900
1.942
4.919
27.966
3.549
10.438
4.431
3.581
33908.49,33809.47,38076.25,38237.30
6.875
10.891
1.943
4.888
27.893
3.559
10.428
4.575
3.595
33831.86,33759.68,38013.59,38129.55
6.916
10.859
1.963
4.916
27.911
3.551
10.422
4.494
3.596
33817.34,33736.22,37988.34,38177.76
6.845
10.993
1.947
4.901
28.051
3.604
10.488
4.499
3.586
33830.63,33765.81,37987.93,38179.29
6.835
10.937
1.950
4.904
27.909
3.529
10.454
4.501
3.585
33990.05,33884.05,38158.13,38312.09
6.921
10.900
1.951
4.912
28.082
3.516
10.401
4.448
3.587
33823.32,33754.54,37994.71,38105.71
6.850
10.904
1.952
4.920
28.004
3.514
10.450
4.495
3.588
33836.47,33753.08,38010.20,38208.95
6.853
10.914
1.943
4.928
27.894
3.570
10.412
4.656
3.590
33770.25,33701.75,37863.73,38108.69
6.876
10.930
1.947
4.925
27.849
3.617
10.404
4.652
3.587
33776.05,33713.61,37929.68,38140.03
6.848
10.888
1.949
4.909
27.928
3.552
10.445
4.516
3.583
33744.86,33698.60,37921.08,38072.17
6.882
10.883
1.947
4.898
27.881
3.548
10.428
4.458
3.620
33797.32,33708.28,37974.77,38172.28
6.843
10.930
1.945
4.916
27.929
3.541
10.442
4.507
3.608
33875.22,33796.15,37960.35,38097.77
6.846
10.908
1.983
4.916
27.915
3.532
10.390
4.491
3.584
33803.81,33756.13,38007.76,38169.26
6.883
10.869
1.961
4.928
27.965
3.540
10.451
4.474
3.579
33808.81,33727.11,37890.90,38139.84
6.872
10.903
1.941
4.904
27.884
3.533
10.414
4.493
3.597
33821.09,33744.62,38011.24,38214.89
6.862
10.889
1.942
4.911
28.011
3.537
10.420
4.502
3.576
33806.35,33736.26,37948.51,38137.69
6.836
10.872
1.972
4.908
27.831
3.556
10.440
4.490
3.589
33875.26,33777.34,38026.23,38230.35
6.863
10.944
1.945
4.919
27.897
3.539
10.440
4.532
3.582
33973.45,33865.45,38142.70,38295.39
6.872
10.901
1.951
4.915
28.004
3.544
10.386
4.463
3.570
33912.28,33819.30,38082.88,38204.03
6.898
10.926
1.948
4.908
27.919
3.561
10.411
4.538
3.593
33818.59,33740.24,37946.05,38187.80
6.852
10.857
1.942
4.910
27.888
3.527
10.379
4.470
3.594
34056.36,33955.61,38244.34,38283.41
6.853
10.867
1.943
4.900
27.809
3.555
10.405
4.468
3.593
34010.47,33896.49,38112.78,38190.96
6.849
10.914
1.966
4.910
27.893
3.546
10.389
4.482
3.592
33725.89,33632.83,37883.34,38057.92
6.847
10.912
1.947
4.914
27.964
3.542
10.393
4.583
3.583
33893.97,33802.53,37993.02,38255.98
6.846
10.907
1.992
4.908
27.855
3.543
10.425
4.528
3.573
33881.84,33804.18,38025.10,38169.98
6.846
10.936
1.942
4.913
27.991
3.558
10.424
4.403
3.586
33943.08,33875.76,38096.46,38259.43
6.858
10.855
1.949
4.894
27.859
3.530
10.408
4.562
3.593
33844.76,33765.03,38009.26,38089.23
6.820
10.967
1.983
4.905
28.014
3.553
10.436
4.441
3.587
33962.27,33861.33,38139.37,38192.34
6.894
10.923
1.967
4.915
27.888
3.540
10.404
4.486
3.582
33918.53,33824.10,38070.41,38203.39
6.851
10.933
1.943
4.895
27.898
3.541
10.421
4.465
3.595
33910.89,33825.92,38108.17,38154.68
6.821
10.895
1.943
4.907
28.020
3.543
10.419
4.572
3.582
33844.52,33769.83,37966.52,38259.29
6.843
10.876
1.968
4.900
27.997
3.540
10.430
4.458
3.610
33814.14,33718.91,37951.36,37925.33
6.837
10.904
1.960
4.903
27.858
3.566
10.404
4.513
3.601
33908.57,33812.43,38086.00,38165.91
6.832
10.869
1.952
4.920
28.009
3.569
10.422
4.488
3.585
33791.03,33720.74,37965.00,38104.84
6.845
10.877
1.980
4.918
27.861
3.533
10.414
4.489
3.583
33860.29,33779.39,38016.05,38130.04
6.844
10.894
1.970
4.912
27.916
3.508
10.433
4.482
3.584
33939.55,33864.98,38086.22,38283.84
6.824
10.896
1.944
4.906
27.881
3.533
10.410
4.483
3.600
33923.24,33820.09,38070.85,38196.36
6.839
10.947
1.942
4.884
27.905
3.552
10.406
4.507
3.584
33882.01,33775.52,38037.41,38134.41
6.856
10.903
1.946
4.912
27.834
3.557
10.423
4.511
3.593
33802.00,33716.75,37976.32,38183.74
6.863
10.932
1.952
4.909
28.014
3.569
10.433
4.475
3.576
33903.96,33819.72,38062.29,38219.25
6.831
10.909
1.954
4.912
28.045
3.568
10.436
4.464
3.609
33830.67,33755.16,37979.83,38158.99
6.890
10.934
1.938
4.925
27.946
3.517
10.437
4.464
3.600
33764.74,33685.02,37854.38,38067.82
6.860
10.912
1.950
4.899
27.891
3.563
10.422
4.459
3.579
33742.73,33672.61,37865.46,38022.57
6.862
10.859
1.941
4.901
27.951
3.553
10.390
4.513
3.590
33909.83,33822.80,38047.60,38266.53
6.818
10.865
1.944
4.930
27.866
3.550
10.384
4.558
3.590
33935.26,33849.50,37998.53,38327.87
6.857
10.929
1.946
4.905
28.016
3.565
10.421
4.484
3.615
33792.59,33721.06,37951.54,38112.89
6.874
10.923
1.963
4.930
27.956
3.563
10.374
4.543
3.589
33763.55,33704.28,37930.36,38018.58
6.855
10.865
1.967
4.925
27.878
3.552
10.398
4.480
3.581
33928.16,33847.32,38110.61,38184.24
6.861
10.916
1.943
4.911
27.864
3.556
10.430
4.501
3.587
33884.85,33805.30,38051.15,38260.09
6.827
10.893
1.944
4.909
27.771
3.576
10.410
4.491
3.595
33910.91,33821.33,38049.17,38300.12
6.855
10.945
1.945
4.915
27.919
3.568
10.409
4.691
3.602
33874.08,33779.53,38048.25,38196.83
6.879
10.923
1.945
4.908
27.812
3.541
10.392
4.457
3.601
33761.50,33687.47,37880.52,38107.67
6.810
10.897
1.975
4.922
27.853
3.551
10.425
4.465
3.571
33917.77,33811.28,38056.03,38241.24
6.909
10.905
1.943
4.923
27.748
3.539
10.377
4.520
3.578
33606.15,33536.28,37756.93,37998.81
6.861
10.894
1.949
4.911
27.945
3.518
10.393
4.487
3.576
33856.82,33776.03,38007.96,38208.70
6.883
10.931
1.973
4.906
27.903
3.560
10.411
4.460
3.607
33752.18,33690.41,37835.02,38092.08
6.852
10.951
1.944
4.912
27.865
3.530
10.402
4.470
3.594
33901.52,33801.88,38023.72,38208.62
6.835
10.871
1.944
4.919
27.998
3.552
10.399
4.500
3.604
33918.98,33837.40,38057.46,38177.65
6.862
10.923
1.946
4.898
27.821
3.572
10.353
4.557
3.585
33787.76,33715.63,37898.90,38137.98
6.823
10.900
1.961
4.919
28.071
3.553
10.419
4.466
3.584
33806.98,33723.86,37993.98,38064.69
6.844
10.933
1.947
4.921
27.827
3.561
10.400
4.472
3.588
33844.32,33760.68,37941.97,38180.44
6.852
10.914
1.940
4.910
27.878
3.562
10.424
4.452
3.568
33881.68,33802.24,38017.55,38172.16
6.853
10.876
1.956
4.917
27.956
3.565
10.436
4.468
3.599
10.425
4.463
10.915
4.898
1.961
27.824
3.529
33863.74,33785.72,38029.91,38227.64
3.579
6.877
10.391
1.968
4.912
3.559
4.479
33929.33,33828.67,38091.49,38198.73
10.926
3.603
27.889
6.833
3.537
6.871
4.488
27.928
33640.28,33553.10,37807.59,37971.95
10.433
10.919
1.961
4.927
3.578
4.905
10.912
1.950
3.559
3.582
33656.64,33601.82,37809.72,37979.64
10.470
27.957
4.528
6.849
33753.76,33678.51,37872.85,37988.25
1.944
4.499
3.572
3.579
10.417
6.867
4.924
10.919
27.796
3.523
33823.91,33758.60,37948.84,38114.52
10.457
27.793
4.899
3.588
1.953
6.819
10.953
4.499
33888.47,33807.12,38098.79,38190.98
1.975
27.908
4.547
10.405
4.906
6.839
3.522
10.882
3.592
4.907
10.884
10.429
33902.45,33830.14,38113.77,38050.00
3.540
6.884
4.564
3.590
1.949
27.954
10.878
27.852
3.593
3.564
4.539
6.850
10.411
1.953
4.920
33706.51,33628.48,37881.60,37984.27
3.593
6.833
4.899
27.964
1.943
3.599
10.909
10.416
4.520
33643.85,33566.46,37769.17,38000.98
3.588
6.844
4.476
1.962
4.910
27.922
10.891
10.425
33777.36,33684.39,37947.71,38041.37
3.543
3.513
6.851
27.956
1.960
10.908
4.499
10.433
33537.89,33453.04,37687.38,37882.10
3.594
4.893
4.910
1.940
4.497
6.866
11.000
3.587
10.420
27.926
33818.68,33739.88,37992.42,38100.87
3.607
1.954
10.895
27.811
3.542
4.901
4.465
10.437
33715.46,33623.83,37893.58,38045.31
6.854
3.584
3.536
4.481
33942.17,33862.20,38044.02,38186.17
6.855
10.899
4.929
10.436
1.940
3.587
27.957
4.462
4.899
10.894
6.837
3.632
33797.34,33728.36,37993.49,38086.59
10.436
27.992
1.942
3.570
10.867
4.500
6.835
27.959
4.911
1.941
3.593
33786.42,33682.33,37957.20,38126.61
3.573
10.433
4.498
3.631
10.887
10.414
27.933
4.891
33793.02,33684.46,37900.72,38081.06
6.855
1.967
3.603
1.943
4.446
6.863
4.895
3.569
33819.71,33736.08,37974.75,38136.84
3.594
10.435
10.881
28.028
6.802
1.947
33810.77,33730.21,37982.58,38077.31
3.583
27.860
10.416
3.558
4.489
4.920
10.932
3.563
1.944
6.831
3.577
33832.66,33731.25,37947.66,38014.50
27.940
4.920
10.981
4.520
10.415
1.942
27.909
4.475
3.574
6.822
3.595
33704.13,33620.24,37863.88,37941.43
10.446
10.930
4.905
33786.05,33701.43,37935.02,38014.47
6.822
3.553
3.589
10.975
4.523
10.485
4.944
1.941
27.908
3.588
10.959
27.944
4.930
1.940
6.849
4.512
10.444
33782.06,33702.25,37988.95,38069.10
3.533
27.785
4.916
1.943
3.579
4.461
33854.90,33748.43,38001.23,38156.22
3.581
10.942
6.886
10.419
4.891
33773.69,33687.92,37948.71,38158.85
1.950
4.502
3.538
10.435
3.581
6.839
27.903
10.914
4.437
10.422
4.910
6.840
3.576
1.971
33842.41,33762.89,38015.12,38053.36
3.565
10.925
28.021
10.897
27.823
3.592
1.964
4.471
33659.24,33588.51,37751.75,37916.70
5.065
3.581
10.449
6.846
4.485
33763.14,33693.74,37886.49,38087.55
6.834
3.551
10.883
4.910
1.940
10.450
3.591
28.083
4.898
3.587
4.459
33721.71,33654.27,37918.08,38086.05
1.948
6.870
27.823
10.418
3.573
10.903
6.829
3.572
27.855
4.521
4.907
3.557
1.938
10.894
33811.53,33721.97,37953.85,38030.73
10.433
33827.38,33757.96,37969.09,38250.00
27.842
4.908
3.593
10.439
1.947
4.469
10.885
6.840
3.569
3.560
10.386
33739.26,33657.27,37893.89,38111.83
4.489
1.938
4.913
6.823
10.918
27.950
3.570
33759.97,33701.87,37890.27,38051.83
1.969
6.843
3.583
3.547
27.896
10.405
10.880
4.480
4.925
3.613
4.451
6.822
27.950
10.406
33803.58,33712.48,37970.39,38104.10
1.942
3.554
4.915
10.910
27.929
6.870
3.573
4.448
10.862
3.579
1.962
10.442
4.923
33800.74,33714.94,37986.42,38099.41
27.928
10.928
10.414
3.530
4.923
33758.49,33669.26,37920.05,38145.34
6.865
3.578
1.942
4.460
27.869
3.606
10.874
6.870
33638.04,33564.72,37813.36,37861.20
1.944
4.572
10.482
4.926
3.549
4.456
3.523
10.411
33724.27,33627.98,37845.26,38053.74
10.884
1.947
27.889
6.885
4.901
3.580
27.873
10.411
3.583
4.647
3.582
6.867
1.972
33827.03,33741.45,38011.33,38187.19
10.905
4.942
33824.39,33748.59,37972.18,38188.86
4.501
3.610
4.927
10.984
3.584
27.923
1.971
10.408
6.870
10.846
4.473
3.524
6.858
33734.70,33651.40,37845.99,38110.59
27.978
4.905
1.980
3.585
10.432
10.421
3.558
33852.50,33761.69,38002.06,38169.00
1.944
6.873
10.929
4.539
3.583
27.852
4.910
3.565
10.394
1.942
33826.49,33753.17,37986.17,38066.42
6.857
4.897
10.978
27.982
3.561
4.518
3.626
4.465
10.932
10.372
33761.25,33685.50,37871.47,38189.41
6.864
4.899
3.573
1.948
27.924
10.405
6.853
27.891
3.600
10.919
3.527
33887.35,33806.60,38050.95,38225.83
4.465
1.947
4.905
3.572
33892.45,33814.57,38061.77,38220.76
10.404
27.868
6.865
4.909
1.971
4.508
10.903
3.555
4.903
3.591
4.486
10.916
6.869
1.949
3.540
33750.72,33658.42,37882.96,38064.62
10.394
28.222
10.412
3.587
6.821
4.493
10.904
1.959
27.948
3.573
33746.85,33669.79,37933.05,38086.99
4.912
27.860
10.398
3.591
6.879
10.922
4.901
1.945
33775.43,33683.49,37925.48,38107.74
4.432
3.514
4.473
27.825
10.415
6.846
3.527
1.943
10.974
3.592
33740.13,33657.01,37874.61,38047.82
4.911
10.889
4.901
3.584
6.836
4.501
10.435
33887.20,33817.84,38080.15,38133.62
1.951
27.804
3.559
4.896
33701.75,33631.74,37862.37,37951.95
10.965
27.967
1.939
6.845
3.546
3.589
10.412
4.477
10.933
4.477
4.903
10.396
1.975
33850.09,33757.03,38015.41,38135.17
3.599
3.546
27.967
6.824
3.601
27.805
4.926
1.942
10.442
6.871
4.519
33772.14,33683.02,37964.33,38154.79
10.974
3.551
10.919
34005.39,33925.90,38194.62,38187.46
4.539
3.571
28.091
10.407
4.905
1.940
3.574
6.865
10.390
6.871
33678.96,33591.87,37798.43,37946.92
4.502
10.896
3.583
1.962
27.958
4.923
3.548
10.417
10.890
3.584
3.587
6.862
4.919
27.937
4.462
33757.36,33674.61,37911.06,38106.13
1.942
10.387
6.868
10.919
4.450
33896.34,33829.90,38055.24,38235.78
3.539
27.854
3.596
4.918
1.939
6.837
10.865
4.917
1.969
4.503
3.520
33807.27,33739.66,37942.27,38125.87
10.446
28.019
3.571
33881.32,33802.47,38060.59,38204.55
27.912
6.821
1.939
4.495
10.418
3.542
3.595
10.941
4.899
10.428
1.943
4.531
3.540
33891.35,33811.59,38056.13,38198.19
3.594
10.909
6.850
27.816
4.929
4.902
10.937
10.397
27.907
3.529
1.945
33918.32,33834.46,38084.64,38121.35
3.584
6.857
4.550
3.587
4.914
3.540
10.436
1.943
10.903
6.854
33862.56,33774.51,38008.83,38073.55
4.603
27.967
33823.92,33740.78,37982.08,38147.88
1.940
27.892
10.860
3.591
4.500
10.421
6.851
3.529
4.914
5.593
10.484
3.544
6.867
27.806
1.967
11.229
33654.54,33599.23,37836.45,37890.40
3.616
4.505
3.608
27.903
4.461
1.942
3.581
4.917
10.916
6.834
10.424
33692.33,33616.90,37877.02,37980.66
10.896
27.796
4.915
33716.38,33634.44,37891.24,38019.61
6.859
3.574
3.612
1.944
10.437
4.501
8.372
27.975
4.910
3.642
10.432
3.581
33604.44,33547.06,37790.16,37985.07
11.001
1.948
4.471
3.575
1.935
10.887
4.485
3.586
4.908
6.856
33811.09,33728.96,37980.80,38060.94
10.466
27.933
4.908
4.493
3.535
6.856
10.892
3.579
27.907
33854.77,33783.67,38046.52,38174.55
1.965
10.413
4.919
3.524
6.879
10.419
10.937
27.890
3.606
4.538
1.939
33788.90,33708.77,37963.37,38073.45
4.457
3.593
33773.26,33697.67,37893.37,38027.74
10.397
1.955
4.907
27.900
3.528
10.887
6.833
4.507
3.562
33939.34,33830.15,38096.30,38258.48
1.965
28.001
10.389
4.920
3.605
10.930
6.840
27.830
6.884
4.911
3.541
33917.82,33816.33,38074.90,38263.50
4.489
1.943
10.427
10.890
3.606
3.592
6.827
27.967
4.528
10.425
1.946
4.917
3.557
33655.85,33583.93,37814.43,37910.26
10.934
3.595
4.904
6.823
33809.15,33717.52,37968.12,38136.64
3.559
4.479
1.960
10.889
10.397
27.883
4.479
27.995
3.591
33751.01,33658.75,37885.55,38056.19
6.834
4.927
3.544
1.946
10.934
10.422
4.439
4.904
27.800
10.407
1.941
10.868
6.825
33740.51,33666.10,37858.27,37985.75
3.603
3.582
27.810
10.903
3.575
6.839
4.914
4.489
10.423
3.592
1.948
33709.63,33631.92,37857.08,38007.61
3.584
6.879
3.588
4.445
4.926
33676.17,33589.81,37803.30,38069.35
10.412
27.858
10.886
1.944
4.429
28.024
33780.47,33694.54,37927.70,38056.73
3.563
10.902
3.578
1.947
10.433
4.926
6.849
33802.25,33718.96,37969.31,38129.09
27.992
10.862
4.904
3.540
3.575
10.417
1.944
4.502
6.813
28.092
11.440
3.577
4.478
1.973
10.482
4.947
6.857
3.541
33195.97,33120.90,37446.59,37556.43
4.899
33809.37,33728.55,37961.89,37988.31
10.441
3.580
4.642
27.797
3.544
6.874
1.940
10.922
4.482
6.864
10.877
10.430
27.977
4.907
33728.20,33645.90,37869.78,38027.83
3.590
3.537
1.965
10.407
4.910
27.915
10.897
4.476
3.597
1.969
6.854
3.597
33574.75,33538.27,37738.09,37903.01
1.970
6.849
10.460
33879.52,33815.08,38065.59,38131.10
4.926
10.919
27.920
3.594
4.564
3.565
10.935
4.903
33738.57,33652.04,37898.73,38056.37
27.876
3.575
1.952
6.842
3.552
10.410
4.485
1.936
4.915
3.560
6.868
27.779
33847.16,33759.01,38014.23,38108.78
3.583
10.401
10.921
4.528
1.968
3.524
10.911
4.898
10.402
33746.59,33626.13,37777.76,38114.26
3.601
6.815
27.831
4.433
4.458
6.883
10.429
3.542
27.855
1.965
3.590
33754.40,33684.99,37922.54,38061.69
4.927
10.993
27.795
10.409
4.911
10.960
33674.94,33614.10,37863.49,37914.51
3.556
4.515
3.590
1.944
6.860
34015.62,33900.62,38219.21,38393.16
1.942
3.577
28.032
4.491
3.548
10.432
4.920
6.846
10.851
6.858
4.913
10.856
1.950
3.545
33835.52,33745.00,38009.31,38138.41
27.900
10.414
3.593
4.482
4.447
10.916
3.524
10.395
1.949
4.935
33764.49,33660.58,37905.15,37965.02
3.598
27.753
6.825
7.158
3.596
33750.20,33669.07,37906.68,37955.19
3.542
1.948
4.909
10.933
27.872
4.449
10.407
4.897
3.536
27.872
33699.93,33619.82,37821.80,38138.50
4.431
3.576
1.970
10.450
6.818
10.913
4.907
4.511
6.877
1.943
33906.52,33817.02,38088.03,38250.59
3.591
10.455
10.862
3.538
27.888
3.557
10.879
6.842
4.895
1.940
27.976
10.404
3.583
4.540
33853.94,33759.75,38016.22,38176.86
6.825
3.531
4.465
3.587
33783.65,33704.91,37926.27,38040.72
1.941
10.922
10.433
27.899
4.899
6.879
4.422
27.806
4.902
3.614
1.944
10.382
3.596
33777.82,33704.02,37950.02,38018.56
10.927
10.888
6.846
27.913
3.606
3.557
1.982
4.489
4.916
33870.45,33772.01,38031.28,38100.33
10.424
33774.23,33708.22,37923.05,38049.00
4.495
3.583
1.961
4.917
6.849
10.418
3.528
10.877
27.857
4.489
6.829
10.366
4.913
33866.67,33787.54,38060.92,38181.82
3.609
3.586
1.951
10.927
28.058
3.550
6.850
10.884
27.873
10.369
4.458
33722.34,33628.78,37873.92,37949.42
1.943
4.917
3.590
1.945
4.450
6.860
3.645
33829.15,33753.56,37932.86,38174.20
3.582
4.914
28.070
10.383
10.894
1.949
4.919
27.857
10.399
33776.63,33683.62,37940.95,38051.12
3.607
3.595
6.824
4.483
10.927
28.104
3.539
1.944
11.044
6.829
3.580
10.427
4.912
33607.10,33524.11,37798.99,37864.29
4.481
3.580
11.010
6.820
4.460
33870.41,33776.84,38014.92,38125.75
27.898
1.942
10.443
4.926
3.528
1.966
4.907
4.416
10.407
3.592
10.899
33648.67,33568.79,37780.74,37991.31
3.544
6.835
27.851
6.869
3.606
33866.95,33788.02,37994.48,38137.86
27.983
3.549
10.427
4.511
4.912
1.967
10.960
10.412
27.932
10.839
1.944
6.857
33638.67,33591.75,37792.29,38062.46
3.588
4.919
4.471
3.529
3.586
3.595
1.970
4.894
33920.11,33843.07,38119.59,38070.24
6.833
10.876
27.918
4.449
10.402
10.425
1.943
3.558
27.843
4.538
4.914
3.589
10.889
33736.05,33647.91,37892.48,38067.86
6.842
3.620
3.553
33824.25,33756.69,37923.43,38102.06
27.958
10.853
6.860
1.945
10.432
4.920
4.499
4.452
3.604
10.897
6.870
27.986
4.909
10.402
1.944
3.611
33623.77,33542.86,37794.44,37985.18
10.399
1.948
4.542
3.625
4.919
27.874
3.583
10.910
6.834
33699.00,33621.98,37858.01,38016.47
27.973
10.395
1.947
4.915
6.849
10.879
4.532
3.538
3.581
33598.48,33522.11,37754.59,37965.63
3.589
1.974
10.409
6.894
4.467
28.037
33754.30,33692.89,37916.23,37912.80
4.925
3.524
10.899
