33828.72,33745.52,37995.84,38160.06
6.828
10.885
1.945
4.904
27.927
3.538
10.400
4.484
3.573
33749.20,33679.63,37879.45,38131.50
6.881
10.922
1.961
4.910
28.026
3.519
10.408
4.484
3.587
33882.46,33798.87,37991.14,38260.73
6.869
10.916
1.950
4.910
27.861
3.531
10.400
4.471
3.584
33758.76,33705.57,37950.92,38052.56
6.838
10.884
1.967
4.903
27.954
3.506
10.404
4.503
3.577
33841.57,33770.08,38012.52,38154.27
6.866
10.891
1.944
4.907
28.020
3.532
10.418
4.470
3.597
33916.67,33811.99,38077.66,38126.53
6.821
10.852
1.951
4.911
27.856
3.569
10.414
4.495
3.583
33952.47,33856.07,38111.91,38339.50
6.871
10.865
1.943
4.914
27.900
3.529
10.399
4.468
3.597
33990.21,33901.38,38159.93,38320.87
6.829
10.936
1.967
4.907
27.984
3.520
10.417
4.515
3.582
33739.84,33675.09,37896.84,38123.77
6.858
10.904
1.945
4.911
27.841
3.571
10.394
4.452
3.589
33927.52,33848.71,38044.15,38281.30
6.870
10.869
1.970
4.920
28.032
3.546
10.414
4.493
3.589
33896.11,33824.58,38047.31,38203.30
6.853
10.931
1.946
4.900
28.108
3.525
10.431
4.522
3.581
33865.66,33772.65,37991.51,38131.99
6.856
10.979
1.969
4.908
27.854
3.586
10.417
4.474
3.599
33836.27,33736.53,38012.86,38165.18
6.880
10.942
1.944
4.920
27.900
3.545
10.443
4.565
3.577
33970.80,33888.28,38154.99,38239.50
6.837
10.898
1.952
4.906
28.007
3.577
10.396
4.499
3.589
33803.25,33734.45,37968.17,38131.73
6.888
11.032
1.945
4.919
27.743
3.555
10.415
4.485
3.583
33894.07,33823.12,38050.59,38285.25
6.830
10.909
1.944
4.911
28.031
3.607
10.398
4.464
3.602
33126.00,33004.10,37446.49,37602.92
6.858
10.893
1.984
4.910
27.939
3.562
10.407
4.482
3.587
33909.05,33818.13,38045.98,38224.05
6.899
10.874
1.945
4.910
27.942
3.575
10.401
4.486
3.594
33861.99,33769.35,38024.09,38223.28
6.845
10.892
1.940
4.891
27.891
3.593
10.408
4.483
3.582
33783.37,33696.63,37878.73,38146.00
6.855
10.935
1.939
4.913
27.960
3.625
10.403
4.480
3.592
33648.17,33616.62,37775.68,37972.92
6.860
10.953
1.949
4.905
27.986
3.544
10.423
4.482
3.583
33957.53,33877.77,38143.76,38281.03
6.903
10.907
1.959
4.910
27.992
3.574
10.448
4.496
3.591
33911.33,33809.59,38086.07,38221.33
6.869
10.939
1.952
4.909
27.950
3.567
10.441
4.494
3.582
34034.82,33934.63,38219.27,38378.57
6.838
10.932
1.972
4.922
28.055
3.558
10.402
4.495
3.590
33839.39,33759.16,38010.56,38061.06
6.870
10.922
1.944
4.908
28.092
3.537
10.424
4.488
3.603
33916.22,33815.26,38051.91,38188.51
6.857
10.956
1.953
4.922
27.862
3.544
10.428
4.477
3.581
33974.48,33887.60,38144.50,38278.94
6.826
10.912
1.952
4.915
27.923
3.541
10.407
4.454
3.599
33816.66,33748.55,37981.74,38145.78
6.857
10.891
1.969
4.922
27.743
3.548
10.401
4.487
3.582
33898.01,33807.30,38055.33,38196.89
6.825
10.898
1.941
4.929
27.860
3.566
10.420
4.469
3.568
33735.69,33663.84,37879.89,38179.18
6.859
10.924
1.943
4.914
27.832
3.544
10.454
4.544
3.601
33784.08,33688.32,37923.72,38171.06
6.831
10.873
1.952
4.913
28.052
3.519
10.394
4.551
3.576
33852.06,33774.51,38018.57,38143.61
6.880
10.863
1.947
4.913
27.964
3.612
10.408
4.525
3.587
33980.94,33908.53,38167.19,38287.61
6.832
10.884
1.946
4.910
27.902
3.516
10.464
4.466
3.610
33808.64,33742.41,37932.95,38185.05
6.870
10.906
1.942
4.889
28.054
3.523
10.453
4.500
3.583
33870.13,33785.78,38002.46,38152.23
6.849
10.927
1.942
4.914
27.845
3.550
10.429
4.500
3.582
33811.40,33728.11,38059.26,38167.55
6.867
10.938
1.962
4.925
28.037
3.548
10.416
4.437
3.582
33803.93,33734.72,37963.22,37972.44
6.841
10.874
1.946
4.913
27.895
3.541
10.411
4.554
3.601
34009.12,33912.69,38188.37,38253.97
6.843
10.912
1.949
4.903
27.839
3.559
10.417
4.496
3.586
34006.41,33894.08,38177.05,38231.84
6.862
10.920
1.938
4.906
27.857
3.533
10.411
4.592
3.578
33894.67,33809.70,38089.29,38167.97
6.888
10.893
1.960
4.926
27.950
3.623
10.400
4.490
3.594
33938.08,33853.39,38105.26,38215.25
6.850
10.958
1.950
4.915
28.018
3.552
10.400
4.437
3.601
33809.36,33726.08,37944.64,38172.01
6.850
10.926
1.944
4.915
28.006
3.548
10.403
4.508
3.619
33993.68,33916.25,38143.89,38343.44
6.885
10.898
1.940
4.901
27.890
3.548
10.445
4.509
3.593
33842.52,33741.84,38012.81,38122.90
6.859
10.975
1.965
4.919
27.887
3.523
10.414
4.515
3.583
33753.80,33670.35,37874.22,38098.48
6.856
10.907
1.942
4.902
27.868
3.524
10.419
4.552
3.607
33808.95,33734.24,37957.20,38078.96
6.837
10.865
1.968
4.921
27.877
3.530
10.427
4.584
3.599
33904.46,33805.77,38096.28,38266.68
6.844
10.881
1.980
4.914
27.905
3.546
10.407
4.538
3.589
33854.91,33763.00,38023.03,38051.19
6.872
10.903
1.942
4.912
27.842
3.557
10.387
4.451
3.596
33727.61,33642.68,37809.83,37921.01
6.829
10.924
1.945
4.907
27.988
3.548
10.445
4.502
3.593
33921.97,33845.42,38082.88,38244.50
6.932
10.926
1.964
4.923
28.036
3.532
10.409
4.441
3.580
33955.76,33867.31,38134.48,38234.08
6.840
10.894
1.941
4.925
27.929
3.524
10.430
4.478
3.588
33938.54,33836.22,38133.33,38191.76
6.914
10.920
1.941
4.916
27.980
3.544
10.411
4.495
3.593
33951.98,33859.94,38129.08,38290.53
6.858
10.887
1.944
4.928
27.867
3.552
10.408
4.503
3.581
33921.75,33824.95,38079.82,38292.91
6.852
10.941
1.962
4.907
27.848
3.535
10.406
4.452
3.598
33962.64,33885.23,38179.45,38276.90
6.834
10.871
1.951
4.896
27.800
3.537
10.426
4.497
3.587
33850.43,33741.18,38005.29,38147.47
6.854
11.016
1.943
4.927
27.896
3.611
10.403
4.516
3.582
33896.20,33801.68,38022.10,38230.70
6.863
10.902
1.965
4.918
27.855
3.623
10.390
4.546
3.590
33881.27,33784.80,38042.48,38190.53
6.886
10.861
1.950
4.929
27.934
3.560
10.424
4.500
3.592
33898.78,33826.27,38096.57,38236.94
6.857
10.926
1.943
4.904
27.923
3.546
10.418
4.436
3.600
33771.25,33676.39,37894.95,38164.17
6.855
10.888
1.973
4.917
28.039
3.549
10.417
4.574
3.612
33207.67,33221.04,37474.05,37540.91
6.842
10.901
1.939
4.915
27.975
3.541
10.424
4.436
3.584
33825.48,33773.16,38028.15,38152.56
6.847
10.886
1.952
4.913
27.998
3.554
10.437
4.505
3.585
33964.22,33837.45,38095.35,38280.77
6.844
10.894
1.949
4.933
27.863
3.528
10.400
4.488
3.576
33785.64,33729.64,37953.00,38133.16
6.892
10.865
1.982
4.908
28.008
3.533
10.412
4.485
3.580
33925.94,33827.69,38069.66,38269.26
6.845
10.913
1.945
4.918
27.836
3.584
10.410
4.488
3.596
33753.70,33677.51,37863.28,38146.41
6.825
10.928
1.943
4.903
27.994
3.524
10.414
4.463
3.573
33807.69,33734.25,37977.11,38106.98
6.861
10.910
1.961
4.899
27.949
3.534
10.421
4.527
3.592
33878.45,33797.70,38058.00,38161.82
6.875
10.894
1.945
4.904
27.999
3.551
10.405
4.426
3.579
33989.13,33905.00,38175.25,38286.31
6.846
10.939
1.966
4.913
27.894
3.536
10.437
4.458
3.592
33909.36,33821.53,38112.67,38323.53
6.838
10.897
1.944
4.897
27.991
3.561
10.416
4.546
3.577
33868.65,33779.98,38016.50,38236.89
6.885
10.899
1.950
4.910
27.895
3.561
10.405
4.541
3.593
33844.15,33753.85,38019.56,38120.09
6.898
10.906
1.960
4.924
27.944
3.547
10.434
4.522
3.582
33840.38,33756.63,37967.90,38172.34
6.843
10.971
1.970
4.901
27.881
3.535
10.419
4.488
3.588
33876.48,33783.03,38045.13,38162.92
6.840
10.910
1.947
4.920
27.772
3.560
10.405
4.474
3.602
33680.02,33631.86,37877.87,38017.34
6.824
10.936
1.970
4.916
28.049
3.551
10.416
4.463
3.575
33911.63,33829.53,38062.13,38218.37
6.888
10.870
1.967
4.914
27.817
3.540
10.427
4.497
3.582
33830.63,33741.76,37935.76,38186.80
6.871
10.878
1.945
4.918
27.994
3.547
10.448
4.536
3.597
33942.16,33847.63,38136.34,38262.19
6.872
10.857
1.946
4.917
27.918
3.571
10.424
4.490
3.599
33941.04,33846.35,38106.46,38306.01
6.865
10.871
1.944
4.903
27.883
3.555
10.407
4.474
3.570
33711.65,33643.28,37852.66,37942.54
6.867
10.869
1.944
4.898
27.986
3.568
10.374
4.488
3.591
34053.66,33955.80,38227.27,38352.40
6.848
10.894
1.949
4.910
27.898
3.565
10.402
4.581
3.613
33972.95,33874.85,38161.98,38243.64
6.846
10.887
1.967
4.901
27.978
3.548
10.397
4.571
3.604
33930.17,33840.04,38145.04,38219.69
6.831
10.893
1.952
4.899
28.013
3.544
10.433
4.474
3.599
33913.98,33811.86,38100.70,38175.16
6.836
10.871
1.942
4.920
27.786
3.539
10.411
4.552
3.587
33688.54,33633.98,37813.48,37987.73
6.843
10.886
1.941
4.885
27.837
3.545
10.419
4.470
3.585
33835.34,33746.53,38005.28,38201.83
6.866
10.897
1.961
4.893
28.010
3.568
10.414
4.474
3.581
33843.51,33754.38,38006.84,38172.32
6.874
10.963
1.945
4.912
27.847
3.535
10.411
4.467
3.595
33864.72,33785.41,38015.64,38113.81
6.857
10.860
1.944
4.905
28.027
3.635
10.398
4.463
3.563
33991.25,33887.53,38157.18,38310.93
6.860
10.920
1.945
4.897
27.897
3.536
10.407
4.491
3.590
33770.17,33710.92,37942.24,38126.93
6.821
10.918
1.942
4.907
27.870
3.557
10.418
4.506
3.595
33958.11,33876.93,38160.19,38248.91
6.849
10.904
1.945
4.909
27.857
3.624
10.390
4.561
3.576
33810.97,33720.24,37940.20,38173.85
6.846
10.925
1.981
4.911
27.979
3.539
10.403
4.637
3.612
33936.19,33843.29,38082.85,38268.04
6.838
10.920
1.945
4.909
27.839
3.625
10.496
4.490
3.591
33800.05,33727.66,37918.59,38137.63
6.850
10.936
1.944
4.897
27.875
3.559
10.413
4.454
3.587
33767.86,33686.17,37882.12,38127.31
6.848
10.915
1.944
4.905
27.844
3.564
10.406
4.525
3.596
34035.64,33949.95,38205.33,38342.67
6.861
10.932
1.942
4.901
27.910
3.630
10.413
4.505
3.602
33828.82,33749.39,37919.19,38182.27
6.835
10.914
1.946
4.907
27.848
3.616
10.394
4.498
3.591
33871.61,33767.36,38020.50,38005.46
6.881
10.955
1.948
4.918
27.880
3.517
10.417
4.491
3.588
33957.69,33874.62,38166.67,38218.82
6.834
10.874
1.966
4.913
27.997
3.562
10.428
4.494
3.570
33961.19,33864.91,38149.22,38347.86
6.850
10.894
1.944
4.907
28.055
3.590
10.427
4.562
3.586
33829.98,33738.61,37988.92,38115.24
6.860
10.990
1.943
4.913
27.955
3.546
10.419
4.562
3.594
33993.67,33893.60,38197.26,38304.97
6.843
10.884
1.941
4.930
27.851
3.529
10.421
4.529
3.589
33813.49,33756.12,37964.84,38110.40
6.820
10.935
1.943
4.911
27.821
3.562
10.427
4.490
3.589
33863.53,33764.28,37908.69,38108.42
6.853
10.961
1.943
4.914
27.891
3.537
10.388
4.510
3.601
33891.42,33799.44,38057.43,38085.85
6.856
10.867
1.945
4.904
27.898
3.552
10.435
4.495
3.569
34021.77,33947.83,38219.62,38332.45
6.876
10.882
1.940
4.910
27.801
3.553
10.405
4.468
3.572
33936.62,33854.17,38079.61,38261.12
6.848
10.843
1.945
4.913
27.836
3.566
10.377
4.494
3.577
33840.85,33775.77,37969.36,38235.75
6.870
10.924
1.942
4.901
27.944
3.563
10.449
4.477
3.573
33943.17,33847.27,38103.35,38209.16
6.837
10.926
1.945
4.910
27.915
3.559
10.397
4.506
3.584
33989.64,33890.50,38180.05,38279.57
6.853
10.895
1.963
4.903
28.034
3.549
10.411
4.487
3.578
33865.70,33771.38,37987.87,38097.91
6.835
10.962
1.986
4.921
27.955
3.511
10.377
4.550
3.599
33857.11,33764.56,38017.02,38149.40
6.866
10.908
1.944
4.910
27.974
3.613
10.419
4.496
3.581
33897.64,33822.50,38065.96,38210.41
6.822
10.872
1.945
4.919
27.775
3.554
10.424
4.460
3.597
33954.18,33833.05,38129.47,38243.77
6.872
10.879
1.983
4.911
27.847
3.539
10.409
4.494
3.570
33892.21,33797.34,38072.13,38155.87
6.836
10.857
1.971
4.923
27.870
3.534
10.422
4.492
3.591
33794.02,33729.37,37940.63,38087.14
6.827
10.903
1.940
4.910
28.043
3.576
10.421
4.494
3.570
33987.36,33899.05,38137.28,38321.71
6.855
10.958
1.963
4.897
27.937
3.579
10.416
4.454
3.590
33794.45,33729.56,37924.20,38038.75
6.845
10.878
1.942
4.902
27.819
3.559
10.435
4.476
3.591
33964.14,33871.96,38140.19,38275.85
6.859
10.884
1.945
4.916
28.031
3.525
10.419
4.510
3.580
33816.20,33737.09,37970.02,38158.31
6.904
10.912
1.968
4.903
27.916
3.541
10.395
4.520
3.564
4.902
10.857
4.501
10.432
6.879
3.588
3.542
33814.39,33733.91,37978.65,38089.63
27.824
1.967
4.914
10.398
33863.58,33774.31,37988.76,38142.76
6.804
3.558
10.920
1.945
3.590
27.925
4.495
27.941
6.826
3.533
10.417
1.965
10.998
4.491
3.597
33693.88,33602.61,37872.53,38031.39
4.926
1.941
4.447
6.834
3.566
3.581
10.392
4.899
11.014
28.012
33920.57,33846.94,38096.44,38043.81
1.942
6.837
4.436
33795.52,33701.43,37870.02,38149.46
10.891
27.836
3.585
10.425
3.562
4.910
3.540
3.591
27.962
10.891
33771.92,33681.94,37879.11,38134.75
4.922
10.413
4.516
1.968
6.819
33776.19,33702.80,37914.63,38076.24
27.974
10.426
3.589
6.796
3.567
4.463
1.940
4.928
10.906
1.942
4.906
3.579
10.463
27.768
6.853
33886.94,33803.18,38025.92,38153.78
3.580
4.458
10.878
3.601
4.907
28.012
3.584
10.873
6.827
33815.32,33750.59,37982.56,38045.14
4.428
10.449
1.941
33878.79,33781.79,38045.98,38244.32
1.955
4.503
3.583
4.925
6.833
27.979
3.650
10.411
10.931
3.594
1.969
10.892
33735.61,33653.22,37824.09,37931.74
10.422
27.850
6.884
4.451
4.921
3.552
10.389
33867.46,33777.84,37988.85,38189.90
6.861
3.586
27.817
10.893
4.925
3.542
4.489
1.961
3.556
3.580
4.900
6.833
10.997
27.931
33795.01,33721.58,37974.08,38104.93
1.942
10.422
4.483
10.445
3.535
1.953
3.586
27.954
6.837
4.915
10.913
4.495
33716.61,33655.31,37859.93,38087.95
33655.82,33575.04,37762.27,37875.16
3.544
10.867
10.467
4.906
27.827
6.841
3.586
4.492
1.968
10.866
4.438
33955.95,33828.91,38092.91,38246.25
3.570
3.595
4.915
27.934
6.874
1.953
10.392
10.928
3.604
4.437
10.391
4.917
33655.59,33573.05,37766.82,37907.15
27.947
1.948
6.824
3.581
1.969
3.580
10.907
4.476
4.895
3.523
6.859
33587.93,33518.42,37764.22,37821.36
27.928
10.425
10.921
3.596
4.908
27.935
4.520
6.818
10.405
33685.77,33599.37,37822.48,38045.80
3.626
1.942
4.899
10.432
33841.38,33749.29,37978.66,38201.64
27.838
6.829
10.870
4.468
3.632
1.966
3.594
33887.47,33827.24,38024.68,38203.09
10.437
3.587
4.904
6.865
4.465
3.584
1.944
10.877
27.792
34022.01,33906.47,38175.36,38320.65
10.893
4.521
4.917
1.941
3.590
28.043
10.424
3.561
6.863
4.477
33875.52,33783.57,38060.25,38144.63
6.841
10.953
4.909
3.594
1.941
10.432
27.899
3.591
4.494
10.894
33904.09,33808.25,38077.51,38178.39
1.969
3.562
10.412
6.845
4.926
28.087
3.622
3.559
4.470
10.427
33709.88,33615.65,37899.85,38035.42
4.907
1.984
10.950
28.021
6.869
3.592
10.413
6.833
4.435
3.583
27.903
4.910
3.566
1.945
10.917
33782.31,33697.42,37921.79,38042.84
10.392
4.910
1.941
3.596
4.495
10.912
6.841
3.578
27.951
33809.86,33731.37,37975.74,38104.54
33877.15,33786.78,38011.81,38096.72
1.940
3.557
6.856
10.926
27.814
3.611
4.472
10.393
4.920
1.948
4.916
10.411
27.922
3.537
3.588
10.912
4.555
6.861
33634.62,33543.53,37816.83,37890.51
1.940
4.502
3.571
33732.45,33663.36,37842.76,38102.13
4.903
6.822
27.890
3.508
10.406
10.913
6.855
28.011
10.379
4.905
3.587
4.518
33781.48,33693.64,37967.16,38119.64
10.931
1.969
3.600
4.908
3.525
33940.11,33847.20,38090.02,38186.83
6.837
3.582
10.443
10.923
1.950
28.037
4.485
27.925
33704.53,33620.43,37900.03,37951.77
10.894
4.459
1.942
4.917
3.536
3.584
6.843
10.425
6.833
33830.05,33760.55,37997.08,38059.61
3.550
3.576
10.870
27.917
4.449
4.908
1.968
10.410
3.585
10.899
10.395
33897.59,33812.22,38084.89,38163.03
4.515
3.587
6.839
1.941
4.900
27.954
4.912
3.619
3.586
10.877
10.416
6.851
33867.54,33816.36,38053.31,38240.79
1.972
27.936
4.473
10.918
33963.15,33869.71,38105.99,38229.04
6.876
3.586
27.951
1.978
4.487
4.931
3.520
10.415
33651.73,33592.16,37761.67,37928.97
1.939
3.599
28.012
3.621
6.844
10.415
4.916
10.869
4.484
4.470
27.827
10.944
10.422
6.866
4.911
3.604
1.945
3.572
33674.14,33597.27,37842.35,38065.45
27.983
4.511
33590.88,33545.53,37715.93,37948.24
1.950
6.852
10.870
3.583
3.574
4.915
10.440
27.864
4.490
1.966
6.855
10.883
4.911
3.552
10.414
3.585
33762.50,33665.19,37908.97,38035.28
4.462
10.419
4.915
3.531
10.961
6.848
33679.78,33586.66,37850.34,37982.87
1.947
3.569
27.946
3.592
4.460
33852.70,33782.17,37998.74,38129.02
6.843
10.474
27.801
1.951
4.921
11.029
3.553
10.881
6.825
27.839
4.466
3.607
4.914
33573.14,33513.57,37723.63,37938.53
3.594
1.951
10.410
4.912
10.886
3.584
33623.90,33553.54,37785.72,37930.89
10.449
4.487
1.963
3.586
27.941
6.816
10.387
1.971
10.924
27.935
3.519
6.860
4.472
33688.21,33595.22,37760.37,37934.30
4.908
3.607
3.584
3.570
1.980
6.858
4.453
4.904
10.420
33794.63,33716.28,37938.76,38069.79
10.889
27.941
10.883
33756.81,33683.99,37922.90,38010.80
1.954
6.861
3.606
27.864
4.927
3.559
10.456
4.518
3.558
4.920
27.989
4.473
10.885
10.403
33659.62,33603.42,37868.76,37937.53
3.592
6.848
1.947
1.948
10.880
4.905
10.421
4.471
3.561
3.584
33696.35,33623.02,37818.22,38070.28
27.871
6.857
27.946
10.919
4.501
1.939
6.861
4.912
33801.26,33719.38,37973.46,38153.15
3.596
10.433
3.572
4.903
33710.91,33640.69,37805.46,38075.32
10.920
10.426
6.890
1.968
3.546
28.041
4.434
3.584
3.589
10.418
4.446
27.926
33808.05,33731.54,37948.92,38139.65
6.834
1.943
4.911
10.909
3.631
3.609
3.597
6.839
10.404
27.946
1.944
33794.46,33724.34,37966.44,38142.07
10.892
4.921
4.495
6.876
27.815
33723.54,33653.06,37875.83,38046.19
1.962
10.908
3.588
3.592
10.445
4.917
4.496
3.583
6.851
1.950
33817.00,33731.38,37941.01,38072.11
10.975
27.838
4.907
10.391
4.484
3.598
3.609
3.513
4.917
6.806
33788.25,33688.96,37917.62,38049.10
10.375
1.939
27.815
4.483
10.868
33804.97,33731.42,37972.11,38103.10
3.518
3.586
10.448
6.875
4.503
1.968
10.926
4.911
27.854
28.048
1.945
4.509
3.545
4.908
33740.47,33647.41,37904.91,38046.26
10.967
3.584
10.456
6.858
3.555
3.570
10.897
1.942
6.881
33788.06,33698.39,37925.79,38060.60
4.897
10.445
27.959
4.502
4.469
4.908
33793.95,33707.09,37941.79,38062.72
10.921
6.862
3.596
3.545
27.958
10.431
1.942
4.904
3.626
4.475
3.583
33843.90,33763.98,37977.19,38286.11
1.945
27.805
10.867
6.876
10.410
33858.97,33774.54,38055.81,38171.79
1.957
28.039
3.575
10.429
4.480
4.914
10.912
6.828
3.557
3.571
10.896
33742.39,33647.38,37885.10,37982.18
3.582
1.968
6.848
4.933
27.905
4.464
10.420
33879.18,33806.13,38100.25,38209.96
27.975
4.919
10.884
6.857
3.533
10.385
1.964
3.575
4.449
4.915
10.896
6.858
10.460
1.944
33761.55,33682.09,37927.24,38011.60
27.936
3.531
4.551
3.595
6.846
33703.19,33640.69,37870.01,37987.09
3.566
1.943
3.584
4.477
4.913
10.427
27.970
10.875
33837.11,33734.93,38040.14,38177.72
6.859
4.532
1.947
3.575
4.914
27.916
10.392
3.555
10.938
33780.88,33702.05,37928.23,38082.43
4.476
3.560
6.880
1.938
10.438
10.864
27.773
4.919
3.558
4.451
1.970
6.866
33761.29,33686.17,37915.58,38029.11
10.417
3.542
3.599
27.902
10.975
4.892
4.916
4.516
1.941
10.918
6.871
3.522
3.578
28.008
10.392
33725.16,33649.20,37886.15,38052.80
1.951
27.865
4.908
3.531
33713.93,33653.75,37894.81,38014.93
10.934
3.595
4.504
6.865
10.440
3.566
4.457
10.900
4.919
6.861
1.943
10.436
3.593
27.873
33751.28,33671.65,37919.27,38017.57
1.939
4.450
3.630
33726.35,33641.83,37817.00,38036.06
6.886
27.920
10.381
4.916
10.904
3.574
1.944
3.578
10.915
3.550
10.389
27.922
33721.15,33622.92,37861.53,38023.21
6.850
4.429
4.921
33863.60,33796.32,38060.17,38127.86
4.902
3.537
4.497
6.811
10.413
1.987
10.878
28.096
3.589
1.961
10.400
4.909
3.597
33633.96,33582.27,37765.89,37904.29
4.564
10.969
27.763
3.588
6.820
1.942
6.819
33826.14,33731.55,37962.37,37951.97
4.487
3.597
10.982
4.929
3.564
27.937
10.388
3.575
1.945
10.439
3.578
6.846
4.903
10.924
4.455
27.989
33662.36,33568.76,37810.67,37994.88
4.463
1.936
4.918
33829.21,33732.21,37958.21,38136.90
27.802
10.397
3.549
3.570
6.889
10.939
10.377
6.833
10.895
4.498
33857.44,33763.85,38047.98,38065.12
4.926
3.541
27.861
1.944
3.593
4.507
33940.12,33830.36,38124.18,38260.88
28.025
1.942
3.586
6.879
4.919
10.893
10.396
3.539
3.588
27.801
33837.14,33745.91,37978.82,38186.35
6.840
10.914
4.907
10.421
4.528
3.564
1.968
6.819
3.578
33715.88,33639.92,37878.53,38044.83
4.908
3.590
10.442
10.938
28.002
4.465
1.945
27.880
1.949
3.581
6.825
10.871
10.411
4.479
4.902
33779.23,33699.93,37981.59,38082.32
3.599
4.011
1.965
3.584
33815.62,33724.66,38006.89,38169.26
4.924
4.479
6.822
10.446
27.944
10.889
27.869
4.928
3.537
4.533
1.944
10.901
10.405
3.584
6.853
33731.59,33641.44,37896.66,38002.69
27.833
4.497
3.561
1.980
3.588
4.904
33732.26,33648.05,37909.09,38032.22
6.870
10.896
10.439
4.448
4.910
1.948
6.846
27.862
3.586
33755.19,33688.67,37942.74,38067.68
10.415
10.920
3.524
4.898
10.881
10.392
4.487
33752.62,33663.68,37919.07,37978.76
1.950
3.584
27.936
3.533
6.847
3.574
6.841
1.943
34062.07,33961.22,38174.14,38365.64
4.919
10.436
4.484
10.861
27.925
3.578
1.955
10.404
4.897
4.438
3.579
28.072
3.558
33732.51,33634.19,37875.79,37964.82
6.866
10.915
33800.90,33727.73,37942.29,37944.73
10.911
6.865
1.947
10.427
4.914
3.631
27.969
3.590
4.517
4.904
1.943
4.457
33813.13,33723.11,37974.63,38113.98
6.834
3.591
3.550
10.920
27.968
10.395
4.906
10.923
27.928
3.532
6.840
4.459
3.601
1.963
10.410
33709.51,33624.38,37883.98,37998.06
3.575
10.430
6.838
27.939
3.533
33652.58,33606.32,37818.98,38060.41
1.945
10.882
4.476
4.915
3.518
4.458
10.881
10.400
27.885
33696.82,33618.14,37872.54,38040.93
3.591
4.933
1.955
6.858
10.919
33662.09,33586.91,37729.65,37963.63
27.942
3.603
3.574
1.950
6.843
4.904
10.418
4.496
3.575
10.411
33804.78,33703.87,37935.67,38174.16
1.940
6.838
3.628
4.906
4.444
28.011
10.879
4.487
33734.94,33686.76,37843.44,38084.60
3.516
10.907
3.576
10.454
6.830
4.927
1.944
28.002
3.624
33809.92,33735.62,37975.74,38115.76
10.432
10.883
1.941
3.592
4.479
6.845
27.929
4.930
4.425
3.575
10.399
6.862
10.898
3.532
4.908
33701.76,33630.75,37888.49,38023.18
27.923
1.943
10.386
3.556
6.832
33721.83,33648.50,37865.41,38065.24
1.941
4.915
10.921
3.585
4.508
28.052
4.904
4.489
10.859
10.474
1.951
6.839
3.581
33884.10,33784.79,38056.13,38120.01
3.595
27.918
33821.95,33772.99,38012.77,38275.79
4.918
1.970
4.485
6.855
3.595
10.909
27.918
10.385
3.564
27.963
10.487
3.583
33630.75,33546.39,37726.44,37954.68
1.942
3.557
4.506
10.888
4.908
6.828
10.958
4.897
33754.45,33695.56,37936.09,38122.44
6.845
3.592
4.486
1.966
10.405
27.932
3.599
10.407
4.478
33870.50,33783.64,38033.62,38150.02
1.963
3.561
10.977
3.587
4.926
27.813
6.839
10.942
6.840
4.925
3.569
27.993
33617.70,33546.92,37743.81,37929.33
10.411
1.953
3.599
4.539
27.857
4.907
3.531
3.581
1.970
33931.57,33809.40,38083.16,38249.93
4.537
10.888
10.439
6.826
10.447
3.593
27.815
33837.28,33751.30,37999.43,38128.92
6.831
1.945
3.574
4.918
10.911
4.467
10.838
27.867
3.600
33778.01,33697.60,37939.72,38100.06
1.944
4.476
6.828
10.429
3.566
4.911
3.601
27.959
4.508
10.432
6.838
33773.45,33688.52,37914.79,38100.93
4.920
10.955
3.589
1.987
3.589
3.619
1.945
6.813
4.911
33855.33,33788.16,38050.21,38188.28
10.913
4.493
10.458
27.823
3.587
1.953
28.002
10.901
10.400
4.477
4.908
3.528
6.851
33587.53,33496.81,37760.19,37974.78
4.476
10.412
4.915
3.642
3.578
10.931
1.944
33805.76,33706.11,37905.61,38190.04
27.998
6.836
33770.17,33714.88,37950.02,38062.60
10.446
4.585
27.880
3.600
6.883
10.901
3.587
4.914
1.947
33885.36,33811.95,38039.88,38106.89
1.942
10.446
3.584
6.896
4.911
27.841
3.588
10.874
4.542
3.601
28.051
4.474
33738.09,33649.96,37871.54,38048.32
10.862
6.838
1.941
3.538
4.909
10.447
33876.28,33797.50,38044.60,38125.66
4.917
3.558
4.522
1.944
10.985
3.588
6.845
28.070
10.429
