14727.757404380034
14717.569834868867
114613.18051575932
117178.34544176236
50869.87486010784
49137.63451427448
164554.8790521639
163425.39630658604
205254.5155993432
210172.3413198823
12309.510327679165
12174.929385409565
43719.66947929873
39599.25553399596
1118.365575812884
1106.0490930950461
116076.61056297156
117054.89874751259
97115.66475672525
99216.19208254786
75769.05591756327
12258.65767698437
12125.47440918626
38296.568627450986
14679.114555809994
213265.08850501172
98677.71857114663
42749.65800273598
213447.17182497334
114403.38634023568
164989.2756970797
14702.206801240867
97059.1089973794
165289.2561983471
114560.65986940086
48721.071863581004
117247.03951225232
1099.2840363071532
50112.75369581559
1117.9392355307918
14744.695595759425
14730.143766203157
114902.90704354821
117619.38367442954
52170.28380634391
48990.78973153047
164690.38208168643
167560.3217158177
205930.8072487644
206825.23267838676
12141.226749550773
12220.755731534438
42244.001351808045
39231.07100823853
1122.1530975914106
1115.6829318362356
115207.3732718894
117027.50146284376
98068.05923310778
99810.36031540074
196850.3937007874
1107.3669803099076
42890.84280506112
95383.44143456696
117274.5396974317
168236.87752355315
12273.703590058301
38371.512988757146
14678.683615653346
165617.75422325273
1108.2997241441985
112930.5477131564
14569.613613846961
96852.30024213076
209687.56552736423
48859.13910196903
120802.12611741966
12286.068826557566
96665.05558240696
51023.01137813154
14707.828977364652
14730.794726375487
115942.02898550725
120307.98845043311
51282.05128205128
48623.942429252165
168918.91891891893
166168.1621801263
207125.10356255175
212269.15729144553
12406.64003374606
13773.345821166879
42326.25074070939
43476.37059258293
1107.7239374711992
1109.842191538785
114246.54404204273
117785.63015312131
96711.79883945841
97799.511002445
208899.10173386254
44379.35472418231
91116.17312072893
14709.992497903828
51276.792123884734
97828.21365681863
100030.00900270081
12180.119608774557
108365.8430862592
12169.29929174678
14728.625082848517
115154.30677107324
162839.92835043152
210526.31578947368
169520.25767079165
44232.130219391365
1118.5169360241866
49593.334655822255
116022.7404571296
1106.35011777097
14722.553479675515
14690.543697022227
115141.04778353483
120409.39193257074
51106.454745234325
49222.28785193936
164095.83196586807
166333.99866932802
203998.36801305588
208986.4158829676
12088.390309946328
12232.56553596986
43817.36920515292
38960.532980091164
1113.978988128326
1105.3888813353983
114902.90704354821
116198.00139437601
98434.8853233586
100080.06405124099
97361.50326161036
14595.557112414981
50849.18132818062
13917.303383296454
115982.3706796567
106530.30787258975
117508.81316098708
167728.9500167729
43273.183608118045
43480.151310926565
211864.40677966102
98590.16070196194
1118.2017526694272
116157.50958299453
210260.72329688814
14708.477966700006
12166.782251098051
167926.11251049538
52482.41838983941
1119.2868799430507
14749.69763119856
14731.445744085324
115008.62564692351
120177.86323759163
51754.47676223994
49554.013875123885
167841.55756965425
167280.0267648043
207339.8299813394
211505.92216582067
12528.188423953898
12216.873946294621
45580.92893933178
38786.75044604763
1111.1061728614538
1105.0663979145188
114902.90704354821
116931.71188026194
97191.17504130625
99127.67644726408
49608.09604127393
1112.7567547116903
45477.28409659375
100270.73097362879
50999.59200326397
43261.951113995245
14708.045300779528
12209.266833526646
105663.56720202873
211774.67174925876
166638.89351774703
163853.84237260366
120540.0192864031
12174.18828599603
1114.2533054324306
14713.671943970337
97219.52167995334
116590.88259298123
115593.57299734135
207253.88601036268
14705.882352941177
14740.13148197282
115008.62564692351
118119.53697141509
50602.16577269507
47943.235209511935
167196.12104999163
165016.50165016504
209336.40360058614
211416.4904862579
12641.10634962772
12188.581736629127
42925.82417582418
39135.87977457733
1118.1192339988752
1111.7781780179218
115101.2891344383
118441.31232974061
97059.1089973794
98960.91044037604
164203.61247947454
12308.601250553887
12814.105767629006
167448.09109176154
115247.20525527257
14648.580552544458
97541.94303550526
210925.96498628982
14722.77023644769
98784.94517435544
48702.08931963181
116590.88259298123
1111.7757059219846
116130.53071652536
1109.2303494297448
51316.26212346693
210703.75052675937
42764.28327061238
39275.755076391346
75414.78129713424
14726.456078344747
14711.723772674444
116441.54634373546
118063.75442739078
58927.519151443725
50807.844731226505
163291.96603527106
163719.71185330715
208420.17507294705
205170.29134181372
12223.593981102324
12214.486380847684
42233.29673114283
38905.964284324786
1119.1578560964444
1110.7877484554497
115101.2891344383
117123.44811431249
97446.89144416293
99009.90099009902
12182.048533281357
38308.305240576155
168406.87100033683
1116.718277663066
14732.530901483568
97219.52167995334
96739.86649898424
100030.00900270081
50380.371807143936
98260.7841210573
211014.98206372652
115687.18186024988
115167.56881262237
211999.152003392
12284.106822592928
14726.456078344747
164176.65407978985
51400.668208686715
29495.044832468142
1103.7759070002571
14696.15695495628
14727.540500736375
115593.57299734135
120004.80019200768
50743.39067336479
48227.634434530984
165180.04625041294
163105.5292774425
211640.21164021167
214224.50728363325
13830.302192102896
12194.824516475208
44696.732668841905
39382.48267170763
1111.1555573334044
1108.2591907934693
115513.45731777752
117205.81340834506
98029.60494069208
99522.29299363057
41071.1352061771
98882.62632255514
115955.47309833023
198333.99444664817
168947.45734076703
96497.15333397665
12363.23174877913
42744.17610600556
14684.287812041117
51219.01249743905
14732.530901483568
117288.2946281961
114377.21605856113
12287.125549848868
117522.62310494769
48969.198374222615
1108.8687321194916
167336.01070950468
208289.9395959175
1120.6515916614558
14707.612660312978
14707.828977364652
118147.44801512286
120076.84918347743
59322.53663166637
50342.32782923882
164554.8790521639
163532.29762878167
213174.1632914091
211193.24181626187
12468.98340378309
12160.12451967508
43643.34657181513
39318.99500648763
1118.6633315583877
1104.2061420362445
115553.50127108852
117178.34544176236
96964.99563657519
100401.6064257028
12195.121951219513
97191.17504130625
12234.810482785622
197980.59790140565
99720.78181092939
1108.1928698870752
14695.077149155033
48825.74093061862
1115.858468975229
116754.23234092236
49887.75255674731
117827.26522917402
76149.86293024673
41715.33455698314
164880.46166529265
37835.792659856226
168463.61185983827
116400.88464672332
207296.84908789388
14721.903247651857
14738.610738551783
14719.086239126276
115700.56693277796
118259.22421948913
51059.484299208576
52504.46287934475
163505.55918901245
163585.80075249466
209863.58866736622
207856.99438786117
12247.697432882618
12129.004087474377
45075.5014649538
39346.84241589613
1122.3382345844038
1106.2730104786178
115366.86663590217
117882.82447247436
96786.68215253581
97952.78675678323
164473.68421052632
104210.08753647353
14722.77023644769
207598.09009757108
12317.546344768121
98619.32938856015
1108.4938340030483
44004.400440044
115420.12927054478
52015.60468140442
43894.30251953296
1102.4300866399806
117439.81209630064
169004.56312320434
14714.321449066376
50921.682452388224
96758.58732462506
99088.38684106222
207082.2116380203
12261.062543680036
