35.41
1480
880
927
1475
37.13
35.82
1465
923
1488
955
37.64
38.42
1457
914
916
1484
37.15
38.28
1468
926
914
36.71
1463
37.33
1486
835
1464
35.05
911
36.97
1488
872
34.64
1511
893
43.70
1486
903
35.92
926
1455
31.97
1450
953
38.07
1519
911
35.07
1481
805
903
36.21
1474
38.08
1511
935
32.60
975
1476
31.90
1519
886
901
39.22
1461
38.88
1489
888
44.45
920
1483
36.20
1479
918
37.09
1461
882
43.53
1509
891
39.16
873
1471
37.80
1466
792
1483
920
34.09
33.05
1495
942
1435
33.28
889
34.97
1503
931
881
1452
36.81
41.89
1475
916
39.77
1478
790
40.54
1470
909
1503
31.85
884
35.84
1480
913
34.50
1458
880
32.71
1463
913
1030
35.61
1479
34.57
1488
939
35.67
883
1474
32.12
1488
885
1489
37.52
952
36.77
1511
914
963
1458
32.72
32.45
1483
1008
900
39.03
1478
37.41
1504
913
1510
34.02
876
38.53
1484
896
40.15
995
1481
32.38
1486
896
1483
916
38.30
36.70
1489
959
938
40.61
1484
35.04
1491
922
1464
1016
35.26
40.60
1469
898
883
1471
35.35
33.67
1462
895
1475
42.41
884
35.59
1489
877
1495
43.15
905
35.72
1502
900
1534
32.19
975
34.94
1509
899
1520
37.00
909
35.20
1495
931
1512
33.18
912
40.24
1453
937
1486
906
42.36
36.83
1472
955
35.31
1487
968
37.24
1505
949
1487
32.92
914
34.83
1478
932
1488
1041
39.33
34.30
1485
900
1485
874
36.80
37.37
1511
911
907
33.02
1463
37.48
1523
875
1509
35.70
798
37.72
1499
879
32.49
922
1483
37.57
1462
883
1466
35.58
902
34.71
1488
944
36.73
1447
917
40.59
1522
903
34.08
930
1477
41.24
1488
879
1536
896
37.09
36.79
1470
948
1523
36.85
863
43.14
1498
892
1450
939
40.67
34.06
1456
997
1511
36.86
798
35.09
1511
878
1497
902
37.09
37.51
1481
861
36.66
931
1469
34.66
1469
897
887
1486
35.13
35.17
1453
906
1433
909
32.63
36.15
1471
927
1500
910
35.29
32.40
1465
904
955
1482
36.24
38.00
1466
935
1453
44.41
1024
35.52
1522
920
1463
38.09
899
37.92
1506
933
1491
35.99
921
37.68
1462
859
900
38.48
1469
42.33
1483
898
1511
35.71
917
32.28
1532
892
34.40
1504
914
33.03
1521
994
35.62
938
1499
33.54
1475
891
1479
35.98
917
33.44
1492
921
1499
37.81
768
36.47
1521
889
1487
895
39.34
32.62
1499
1032
866
33.80
1471
36.74
1494
899
905
33.77
1482
34.85
1484
792
1473
32.43
928
34.93
1515
904
37.04
1524
889
32.19
1507
988
35.70
901
1469
37.21
1485
911
1480
34.43
891
34.65
1482
795
32.75
874
1461
36.86
1457
916
1523
864
35.34
32.65
1461
822
920
1463
42.34
32.87
1522
913
1479
873
32.75
36.51
1520
893
906
32.53
1470
38.77
1520
908
879
35.75
1483
41.36
1495
904
915
35.88
1476
32.53
1524
963
1485
32.24
906
34.00
1469
896
1003
1444
39.43
33.15
1535
952
35.36
902
1452
38.31
1475
936
908
37.70
1469
37.17
1523
925
930
1479
43.28
38.07
1456
868
1489
902
32.05
36.92
1495
894
897
32.09
1468
43.54
1493
936
1499
895
32.03
40.02
1468
816
1476
877
36.24
41.84
1466
815
37.67
1494
795
36.74
1471
963
39.25
1489
1062
35.94
1501
879
34.72
1516
896
42.92
1469
894
34.34
927
1509
36.90
1478
911
36.62
1463
884
36.38
1505
926
1483
37.00
963
34.81
1517
906
1461
905
35.35
41.54
1458
946
35.55
1472
882
32.99
1479
879
37.18
1510
912
37.40
1506
795
932
37.73
1479
31.95
1508
885
936
41.51
1455
