33884.80,33803.08,37980.29,38236.56
6.817
10.866
1.934
4.891
27.684
3.501
10.382
4.462
3.573
34254.35,34147.39,38418.77,38446.19
1.958
27.783
10.887
4.871
6.797
3.503
10.375
4.424
3.570
34294.50,34178.50,38489.82,38538.44
6.861
10.838
1.934
4.887
27.841
3.544
10.368
4.465
3.554
1.934
3.569
10.846
27.831
4.895
4.471
3.565
10.354
6.829
34096.78,34008.63,38296.44,38424.64
34225.87,34121.02,38404.15,38561.38
6.816
10.882
1.939
4.873
28.085
3.502
10.401
4.424
3.588
6.842
4.885
10.387
34170.85,34092.22,38397.63,38536.35
10.911
3.566
4.485
1.937
3.537
27.892
34190.18,34084.51,38351.57,38550.18
6.852
10.858
1.942
4.876
27.781
3.518
10.383
4.466
3.573
10.364
1.955
3.539
27.992
4.478
34223.70,34109.81,38399.81,38539.18
10.821
4.887
6.821
3.567
34164.47,34080.66,38368.58,38387.71
6.788
10.863
1.959
4.886
27.966
3.540
10.433
4.474
3.573
4.900
3.562
27.873
1.938
3.578
34177.06,34060.50,38371.85,38460.51
6.791
10.403
4.533
10.890
34173.31,34059.79,38315.46,38489.55
6.798
10.901
1.935
4.882
27.732
3.522
10.380
4.475
3.557
3.589
4.431
27.999
10.885
3.575
1.934
6.840
33863.02,33784.60,38052.99,38187.02
4.895
10.425
34260.38,34134.10,38434.24,38515.30
6.856
10.885
1.935
4.872
28.069
3.576
10.392
4.446
3.596
27.792
4.891
6.802
1.959
10.903
34172.83,34089.27,38369.02,38378.16
4.446
3.583
3.573
10.423
34183.16,34086.13,38362.82,38506.39
6.832
10.856
1.964
4.889
27.866
3.587
10.412
4.523
3.604
34255.45,34133.60,38448.52,38602.92
6.829
27.875
10.940
4.452
4.878
3.471
1.933
3.567
10.363
34160.56,34056.43,38328.98,38536.00
6.820
10.902
1.960
4.875
28.028
3.534
10.382
4.443
3.568
10.866
1.932
27.903
3.511
3.571
4.878
6.800
34272.29,34158.76,38462.46,38537.13
10.402
4.513
34215.81,34118.96,38407.49,38571.39
6.817
10.882
1.937
4.889
27.858
3.506
10.379
4.463
3.561
6.788
4.413
3.583
4.878
10.868
3.583
10.370
1.958
34112.47,34017.37,38281.97,38435.67
27.868
34271.30,34153.71,38437.55,38592.19
6.857
10.854
1.936
4.878
27.981
3.598
10.389
4.464
3.573
34194.61,34105.66,38361.53,38502.43
3.500
10.377
27.927
6.813
4.910
10.901
4.422
3.574
1.934
34226.02,34114.33,38408.88,38453.58
6.820
10.864
1.947
4.896
27.810
3.523
10.387
4.454
3.585
6.824
10.857
3.587
10.379
3.546
34238.22,34134.82,38415.63,38577.69
4.468
4.902
1.934
27.722
34276.06,34170.01,38476.92,38596.94
6.803
10.885
1.938
4.887
27.795
3.551
10.379
4.429
3.558
1.936
10.375
3.552
34117.18,34013.03,38270.63,38450.43
3.538
10.884
4.474
27.819
6.847
4.887
34229.07,34126.16,38407.06,38569.51
6.831
10.904
1.936
4.881
27.908
3.531
10.394
4.503
3.560
4.484
6.841
3.569
3.519
1.952
10.385
4.866
34152.50,34044.01,38318.00,38461.90
27.855
10.860
34188.48,34082.80,38329.10,38528.45
6.795
10.868
1.969
4.874
27.937
3.507
10.372
4.476
3.587
1.936
10.336
27.773
3.546
6.841
10.885
4.886
3.572
34170.41,34076.36,38388.85,38533.66
4.428
34227.90,34128.29,38405.42,38482.04
6.833
10.894
1.934
4.887
27.945
3.523
10.402
4.506
3.562
4.454
4.885
1.939
34117.04,34009.90,38283.75,38499.17
3.583
10.903
10.374
27.812
6.837
3.488
34201.00,34078.31,38328.97,38425.83
6.829
10.876
1.945
4.882
27.712
3.471
10.373
4.432
3.562
3.601
10.863
28.022
10.401
4.456
33863.46,33773.51,38046.77,38137.61
3.499
6.799
1.939
4.888
34255.42,34145.72,38450.89,38553.79
6.812
10.865
1.934
4.889
27.871
3.504
10.395
4.509
3.584
6.796
4.884
10.404
4.422
10.924
1.962
3.566
3.489
33894.11,33827.66,38041.98,38262.39
27.803
34233.30,34131.35,38389.22,38573.81
6.848
10.843
1.945
4.875
27.913
3.543
10.405
4.456
3.561
10.845
27.758
1.950
6.783
34158.14,34047.44,38282.44,38468.58
3.569
3.567
4.882
4.446
10.405
34138.54,34029.10,38307.80,38411.58
6.813
10.892
1.939
4.888
27.824
3.500
10.472
4.533
3.564
4.890
6.831
10.875
3.582
34258.40,34150.46,38444.16,38528.67
1.976
27.900
4.390
10.404
3.552
34212.26,34095.30,38396.24,38496.48
6.804
10.913
1.935
4.894
27.760
3.500
10.366
4.481
3.593
4.463
6.831
3.478
3.600
1.937
4.883
10.414
10.871
27.876
34258.99,34148.79,38448.11,38550.12
34192.66,34091.26,38364.98,38560.34
6.810
10.870
1.942
4.891
27.763
3.592
10.381
4.459
3.577
3.582
27.730
10.386
4.881
4.451
1.939
3.574
34123.28,34040.42,38286.91,38453.51
10.909
6.802
34161.54,34043.58,38344.62,38414.24
6.823
10.865
1.940
4.877
27.781
3.572
10.366
4.511
3.593
34282.72,34183.92,38490.01,38556.49
3.573
4.477
3.514
27.904
4.880
6.801
1.944
10.394
10.922
34247.25,34136.04,38411.75,38490.16
6.848
10.867
1.937
4.887
27.845
3.522
10.370
4.507
3.574
10.813
3.593
6.816
10.400
3.565
34244.38,34138.72,38441.65,38576.06
27.748
1.940
4.466
4.887
34253.71,34137.01,38463.93,38520.43
6.814
10.870
1.964
4.874
27.892
3.560
10.405
4.444
3.580
3.515
6.840
10.873
27.786
4.584
4.885
3.559
34002.28,33909.62,38181.20,38331.64
10.432
1.959
34172.01,34088.77,38333.18,38410.24
6.842
10.845
1.935
4.886
27.885
3.558
10.382
4.447
3.582
4.469
10.856
3.494
3.590
27.881
4.876
1.962
6.801
34213.83,34104.14,38392.36,38475.30
10.419
34258.12,34155.62,38456.92,38578.42
6.809
10.888
1.935
4.890
27.843
3.500
10.390
4.418
3.589
34247.86,34142.91,38440.82,38560.79
10.912
3.585
1.962
4.436
4.915
27.751
3.514
6.840
10.366
34291.83,34180.31,38431.85,38623.05
6.832
10.856
1.938
4.870
27.967
3.539
10.396
4.498
3.573
34154.21,34056.06,38322.34,38404.42
3.579
10.375
1.940
10.862
3.520
6.838
4.457
4.879
27.833
34197.22,34093.88,38367.49,38519.77
6.826
10.893
1.949
4.889
27.787
3.518
10.353
4.455
3.563
10.880
3.545
4.884
6.836
27.845
10.397
3.555
4.461
1.957
34233.64,34133.03,38427.79,38589.87
34243.39,34121.47,38417.17,38480.42
6.812
10.890
1.937
4.891
27.899
3.543
10.393
4.469
3.561
34222.63,34134.11,38433.39,38577.46
10.405
3.565
10.871
1.953
6.786
3.498
27.799
4.877
4.444
34282.94,34166.35,38434.18,38544.97
6.835
10.856
1.935
4.891
27.788
3.510
10.378
4.401
3.584
4.874
27.796
34155.63,34073.92,38310.57,38501.63
10.829
3.554
4.479
10.385
3.560
6.855
1.962
34223.58,34126.34,38425.86,38505.28
6.819
10.894
1.941
4.877
27.733
3.581
10.418
4.425
3.579
6.851
3.551
10.873
4.456
1.936
10.367
4.881
3.574
27.911
34183.33,34067.97,38368.20,38447.16
34153.16,34065.28,38341.98,38461.90
6.802
10.948
1.941
4.890
27.675
3.572
10.403
4.524
3.587
4.547
3.548
34266.92,34163.81,38471.23,38554.11
1.936
10.385
10.874
27.855
6.802
3.567
4.887
34231.44,34149.46,38412.84,38526.48
6.834
10.818
1.937
4.879
27.709
3.545
10.344
4.431
3.582
4.433
10.884
34196.16,34101.13,38380.11,38501.18
27.849
3.487
3.595
10.361
6.819
4.896
1.955
33899.10,33813.03,38064.97,38211.95
6.798
10.852
1.957
4.898
27.891
3.565
10.405
4.491
3.599
3.569
4.872
3.566
10.885
6.808
4.516
34169.55,34052.94,38326.47,38582.35
27.987
10.389
1.954
34302.80,34208.13,38528.92,38548.45
6.797
10.869
1.937
4.882
27.890
3.544
10.353
4.461
3.583
34158.28,34040.15,38318.45,38473.37
6.812
1.936
10.369
10.869
3.497
3.563
27.848
4.473
4.894
34118.92,34027.83,38266.46,38521.44
6.836
10.914
1.974
4.901
27.873
3.508
10.403
4.437
3.572
3.586
4.450
3.555
27.835
34141.45,34061.36,38330.34,38464.98
6.849
10.369
4.884
10.903
1.935
34249.49,34142.44,38427.10,38604.94
6.824
10.861
1.956
4.901
27.918
3.464
10.375
4.483
3.581
10.358
27.790
34115.00,34016.28,38310.38,38455.74
10.860
3.524
3.589
4.911
6.841
1.934
4.464
34137.86,34047.10,38282.10,38530.54
6.819
10.932
1.937
4.871
27.762
3.527
10.384
4.466
3.560
10.386
3.486
3.581
1.936
10.845
34244.83,34143.92,38459.17,38472.16
4.870
27.845
4.429
6.805
34187.25,34130.13,38454.11,38533.64
6.820
10.887
1.943
4.884
27.899
3.543
10.418
4.533
3.575
3.578
34259.24,34129.06,38417.51,38567.00
6.818
3.533
27.860
4.894
4.455
10.393
1.964
10.930
34215.27,34147.27,38396.25,38530.49
6.826
10.864
1.935
4.888
27.788
3.574
10.378
4.489
3.566
27.927
3.532
1.963
4.883
3.573
10.384
10.916
34197.58,34103.97,38425.23,38492.86
4.444
6.789
34293.62,34172.11,38518.95,38553.23
6.794
10.894
1.932
4.881
27.826
3.490
10.401
4.388
3.566
34121.43,34018.50,38281.25,38387.69
6.832
3.584
27.884
4.517
10.381
10.918
4.898
1.935
3.500
34153.84,34039.90,38272.16,38434.61
6.803
10.890
1.975
4.898
27.831
3.536
10.388
4.447
3.572
4.877
10.876
3.568
34224.04,34096.45,38411.01,38486.92
27.981
3.516
1.944
4.483
6.834
10.334
34263.79,34155.08,38429.14,38589.16
6.806
10.951
1.935
4.899
27.768
3.532
10.362
4.435
3.582
3.568
34179.57,34078.35,38369.24,38552.55
10.373
27.817
1.936
3.583
4.504
10.862
4.893
6.830
34291.66,34193.42,38514.47,38561.02
6.849
10.878
1.941
4.899
27.802
3.551
10.412
4.488
3.568
34232.69,34109.68,38423.93,38593.26
10.883
1.959
4.889
6.802
10.385
4.439
3.562
3.576
27.839
34227.33,34116.68,38386.78,38536.53
6.802
10.837
1.963
4.889
27.873
3.479
10.370
4.461
3.589
27.724
3.587
4.879
10.890
4.475
1.938
34131.18,34023.85,38293.87,38511.28
10.370
6.826
3.545
34168.26,34066.88,38333.35,38508.76
6.856
10.828
1.973
4.880
27.831
3.563
10.381
4.456
3.580
4.452
1.935
3.582
3.569
10.365
28.082
4.899
34157.83,34073.39,38380.09,38448.08
10.898
6.813
34300.52,34186.54,38478.26,38593.90
6.830
10.939
1.937
4.890
27.865
3.507
10.403
4.454
3.582
4.451
27.789
6.847
3.615
3.489
10.879
4.887
1.965
10.389
33857.32,33770.07,38047.20,38098.93
34142.35,34041.29,38311.60,38471.82
6.829
10.874
1.936
4.889
27.798
3.535
10.391
4.487
3.572
6.811
1.961
27.888
3.470
3.601
34158.42,34047.00,38363.88,38436.49
4.895
4.522
10.946
10.404
34067.99,33987.14,38254.52,38396.39
6.843
10.862
1.933
4.885
27.937
3.491
10.389
4.417
3.569
34221.48,34106.43,38390.27,38591.82
27.833
10.399
3.548
3.483
6.812
4.876
10.956
4.420
1.936
32784.49,32690.42,37036.18,37218.32
6.813
10.889
1.964
4.890
27.806
3.501
10.389
4.453
3.584
34205.13,34111.72,38417.96,38629.73
3.529
10.850
4.893
1.955
3.588
4.439
6.810
27.833
10.381
34233.09,34133.88,38418.14,38505.19
6.817
10.845
1.940
4.883
27.824
3.510
10.356
4.428
3.579
3.578
10.879
27.820
10.373
3.579
4.466
1.956
34174.32,34074.92,38364.11,38493.24
6.812
4.900
34196.37,34097.55,38381.53,38581.37
6.842
10.873
1.936
4.888
27.809
3.540
10.393
4.479
3.588
4.899
10.872
27.856
10.381
4.487
3.546
1.939
3.557
34081.27,34009.99,38287.04,38455.43
6.812
34255.15,34146.09,38450.54,38596.94
6.802
10.853
1.938
4.886
28.133
3.601
10.367
4.441
3.579
34157.83,34066.15,38334.03,38493.79
6.825
3.566
4.475
10.389
10.845
4.883
3.539
1.937
27.969
34170.39,34061.20,38284.42,38534.50
6.846
10.854
1.962
4.888
27.838
3.481
10.404
4.464
3.576
3.596
4.461
10.380
6.820
10.866
3.488
1.964
27.874
34173.34,34056.10,38364.08,38443.35
4.876
34155.26,34061.98,38330.87,38547.48
6.824
10.865
1.966
4.898
27.770
3.574
10.376
4.435
3.561
3.581
4.455
3.539
10.380
1.934
34138.03,34042.85,38350.28,38440.07
6.841
27.805
10.900
4.892
34183.07,34079.86,38354.39,38461.83
6.846
10.912
1.940
4.905
27.858
3.566
10.418
4.460
3.588
10.864
10.360
3.554
6.790
34247.22,34135.32,38451.61,38484.27
4.436
4.893
27.884
3.565
1.932
34218.22,34100.10,38385.14,38569.49
6.795
10.854
1.935
4.887
27.947
3.544
10.367
4.434
3.570
10.358
3.531
27.787
6.814
4.501
34187.95,34099.73,38378.31,38541.31
1.939
4.884
10.923
3.563
34175.65,34072.43,38330.43,38515.26
6.789
10.901
1.966
4.889
27.923
3.529
10.371
4.445
3.568
4.427
3.483
4.883
34109.87,34002.16,38297.16,38502.51
6.833
1.953
3.557
27.815
10.905
10.382
34225.76,34123.82,38393.78,38594.02
6.824
10.908
1.942
4.887
27.936
3.594
10.366
4.423
3.611
10.867
1.937
10.342
27.940
4.472
6.811
3.547
4.882
34121.18,34027.05,38288.66,38456.20
3.561
34147.48,34037.31,38296.15,38590.83
6.838
10.913
1.936
4.889
27.881
3.544
10.404
4.431
3.599
3.568
4.872
6.814
10.843
34180.20,34073.67,38331.69,38507.88
27.802
1.934
4.509
10.404
3.571
34248.63,34163.87,38472.19,38544.43
6.837
10.929
1.942
4.885
27.956
3.498
10.410
4.482
3.583
4.876
10.400
10.998
4.447
3.585
34168.02,34062.74,38366.33,38470.09
1.966
27.894
6.828
3.600
33949.21,33856.35,38104.60,38426.06
6.823
10.885
1.934
4.891
27.796
3.594
10.379
4.431
3.588
10.364
6.833
27.849
3.536
3.591
34222.38,34104.87,38350.11,38579.66
4.499
4.900
1.934
10.949
34171.81,34048.01,38311.14,38463.04
6.845
10.915
1.940
4.891
27.782
3.536
10.392
4.487
3.584
34328.01,34197.66,38526.90,38616.91
6.839
10.890
4.885
27.856
1.939
10.388
4.464
3.609
3.526
34223.82,34105.10,38378.80,38568.07
6.817
10.912
1.939
4.879
27.805
3.494
10.400
4.480
3.583
27.851
3.583
4.891
10.898
10.352
6.807
1.936
4.449
3.568
34164.33,34074.50,38373.55,38441.85
34125.59,34041.80,38275.26,38411.23
6.816
10.937
1.934
4.883
27.866
3.534
10.368
4.444
3.589
27.928
4.478
34246.77,34163.12,38465.90,38538.93
10.889
3.593
10.380
1.945
6.832
3.551
4.890
34212.06,34104.32,38365.06,38428.48
6.807
10.955
1.938
4.875
27.882
3.494
10.386
4.638
3.588
34243.53,34151.34,38423.40,38543.79
27.968
10.365
3.499
3.572
4.884
6.807
1.934
4.444
10.934
34239.39,34117.62,38402.04,38517.85
6.811
10.852
1.938
4.882
27.923
3.512
10.398
4.444
3.595
3.590
1.944
10.862
3.497
27.921
34179.46,34056.91,38315.63,38489.06
6.821
10.417
4.540
4.906
34212.88,34106.44,38374.31,38541.39
6.824
10.921
1.936
4.887
27.944
3.552
10.376
4.451
3.569
10.870
3.559
1.954
4.471
4.889
3.580
6.801
27.928
10.347
34062.56,33958.98,38258.90,38322.91
34237.38,34128.65,38406.16,38460.44
6.810
10.858
1.945
4.893
27.819
3.565
10.389
4.434
3.584
34131.98,34024.40,38312.77,38459.46
4.444
10.880
3.555
27.864
3.609
4.872
1.934
6.832
10.388
34145.49,34064.58,38305.51,38456.40
6.847
10.883
1.939
4.882
27.824
3.466
10.397
4.462
3.569
10.834
3.589
34284.24,34168.37,38486.37,38513.41
1.940
4.880
4.529
27.855
3.483
6.801
10.394
34249.96,34156.75,38446.61,38563.94
6.834
10.879
1.957
4.888
27.917
3.574
10.385
4.501
3.636
4.875
10.401
1.939
3.574
34316.51,34203.47,38497.87,38658.42
6.802
3.488
27.918
10.861
4.556
34193.82,34099.85,38349.56,38500.77
6.804
10.927
1.967
4.874
27.960
3.523
10.372
4.512
3.606
4.893
10.845
1.938
3.595
3.571
10.383
4.431
6.876
27.953
34042.75,33950.56,38180.39,38361.61
34225.66,34118.86,38424.29,38597.72
6.829
10.942
1.936
4.884
27.851
3.538
10.367
4.463
3.563
34239.29,34141.73,38420.68,38567.65
27.937
3.542
10.384
4.465
1.934
4.885
6.801
3.563
10.909
34174.48,34060.58,38299.23,38521.37
6.819
10.888
1.942
4.880
27.976
3.500
10.398
4.428
3.588
34252.00,34135.16,38419.17,38601.82
4.428
1.971
3.571
27.744
4.884
10.375
3.520
10.935
6.797
34206.48,34144.82,38421.54,38550.82
6.817
10.830
1.933
4.886
27.881
3.541
10.391
4.517
3.581
1.943
10.898
3.565
6.827
27.906
3.579
34287.42,34183.16,38511.61,38552.15
4.478
10.387
4.888
34276.92,34151.19,38462.44,38597.02
6.806
10.892
1.939
4.878
27.915
3.545
10.391
4.472
3.581
1.935
27.808
10.357
3.526
4.894
34124.54,34036.56,38339.60,38408.15
4.433
3.587
6.842
10.879
34237.19,34137.94,38437.52,38536.17
6.847
10.905
1.965
4.893
28.123
3.538
10.333
4.505
3.586
34225.76,34100.26,38395.02,38484.16
27.871
3.540
4.872
6.834
4.521
1.936
10.891
3.578
10.360
34198.82,34111.84,38377.24,38548.63
6.809
10.892
1.954
4.896
27.894
3.527
10.413
4.514
3.574
3.507
6.834
3.585
4.463
34029.15,33923.98,38179.01,38368.54
10.855
10.398
4.869
27.890
1.934
34251.27,34156.48,38458.90,38571.14
6.846
10.860
1.939
4.884
27.848
3.590
10.397
4.419
3.608
27.796
3.549
10.381
3.576
6.897
1.934
4.450
4.882
10.868
34209.50,34097.77,38380.97,38534.33
34289.84,34182.90,38512.15,38612.65
6.851
10.911
1.958
4.884
27.822
3.517
10.357
4.462
3.556
10.366
10.881
34217.99,34102.42,38375.04,38541.36
3.589
6.873
4.460
3.512
4.878
27.884
1.963
34214.69,34103.00,38410.80,38487.86
6.844
10.907
1.935
4.884
27.854
3.567
10.347
4.484
3.585
10.344
6.794
1.936
4.421
3.580
3.558
10.957
34205.25,34094.63,38410.35,38518.03
4.887
27.794
34254.35,34155.99,38460.33,38605.23
6.794
10.911
1.941
4.888
27.803
3.527
10.388
4.453
3.573
6.804
10.377
27.850
4.881
1.936
3.489
4.476
10.887
3.568
33732.86,33660.12,37946.40,38054.65
34254.51,34143.71,38440.12,38528.40
6.809
10.866
1.959
4.888
27.969
3.521
10.403
4.434
3.571
3.551
4.427
6.792
27.915
34134.03,34024.48,38278.69,38337.65
1.957
10.884
3.558
4.878
10.373
34292.86,34164.82,38492.06,38656.12
6.822
10.893
1.936
4.875
27.935
3.523
10.338
4.479
3.576
4.879
10.835
10.393
4.494
3.511
6.872
34233.98,34098.41,38408.78,38473.77
27.873
3.573
1.967
34237.53,34112.28,38418.80,38572.30
6.827
10.892
1.945
4.880
27.786
3.508
10.349
4.438
3.575
3.573
10.379
4.893
10.883
3.517
6.808
4.490
1.944
27.939
34133.62,34041.71,38349.58,38399.47
34050.45,33953.74,38278.40,38459.61
6.851
10.890
1.937
4.877
27.834
3.519
10.384
4.533
3.574
34230.41,34141.78,38455.87,38563.35
4.876
6.823
4.438
10.905
10.404
27.922
1.940
3.603
3.594
34217.90,34089.38,38382.78,38504.32
6.806
10.891
1.937
4.870
27.812
3.535
10.401
4.419
3.591
10.371
28.004
6.821
1.937
4.875
34165.94,34046.20,38348.17,38522.48
3.528
10.912
3.558
4.521
34169.67,34084.35,38352.36,38602.28
6.809
10.870
1.939
4.894
27.880
3.521
10.375
4.527
3.587
4.425
3.497
10.875
27.847
34291.35,34174.72,38510.12,38583.93
1.938
3.568
10.385
6.840
4.906
34222.80,34114.46,38403.97,38510.17
6.794
10.876
1.938
4.886
27.878
3.608
10.362
4.568
3.562
1.940
34281.48,34180.04,38478.68,38551.88
4.416
10.417
3.571
6.811
4.884
10.904
3.582
27.870
34217.15,34119.76,38430.42,38546.01
6.835
10.860
1.954
4.880
27.858
3.510
10.366
4.414
3.570
3.580
27.989
10.855
4.871
6.809
10.339
4.480
1.939
3.521
34183.90,34069.93,38388.56,38466.43
34194.93,34088.63,38367.72,38462.73
6.886
10.839
1.960
4.888
27.680
3.545
10.341
4.492
3.564
28.016
6.865
34266.13,34131.56,38399.74,38572.24
4.510
3.593
10.376
4.887
10.866
1.963
3.507
34203.38,34077.79,38385.80,38420.82
6.872
10.842
1.937
4.893
27.801
3.504
10.412
4.499
3.608
4.425
34225.01,34109.76,38413.70,38510.15
3.561
1.945
3.572
10.913
6.796
4.880
27.797
10.353
34174.06,34094.16,38387.89,38454.61
6.846
10.859
1.937
4.902
27.961
3.513
10.383
4.531
3.588
10.350
34199.09,34117.60,38398.87,38513.36
4.440
10.841
27.710
6.798
3.552
1.938
4.891
3.564
34240.60,34125.58,38396.57,38504.24
6.844
10.883
1.942
4.893
27.816
3.542
10.335
4.515
3.582
3.511
10.878
4.422
34252.14,34150.38,38425.59,38566.88
3.574
10.405
4.878
27.891
1.939
6.801
34118.53,34024.13,38281.50,38419.61
6.843
10.884
1.974
4.886
27.859
3.541
10.367
4.535
3.563
1.944
6.796
4.883
4.474
3.525
10.837
34228.59,34132.77,38435.98,38563.16
27.884
3.563
10.411
34292.36,34161.84,38466.55,38565.62
6.830
10.896
1.966
4.900
27.813
3.530
10.389
4.456
3.579
10.836
27.777
1.937
6.792
4.478
3.542
3.592
4.890
34185.38,34047.23,38355.84,38422.59
10.416
34217.34,34123.76,38404.99,38461.00
6.814
10.827
1.953
4.865
27.796
3.532
10.387
4.475
3.590
4.885
4.415
10.387
3.577
3.530
6.890
34254.78,34123.52,38457.04,38533.02
27.760
10.885
1.941
34230.00,34125.99,38406.56,38541.55
6.800
10.877
1.934
4.894
27.751
3.525
10.389
4.470
3.577
6.813
4.456
10.898
3.578
4.887
34214.66,34144.85,38443.33,38531.05
1.958
3.492
27.900
10.393
34242.14,34153.14,38455.63,38617.09
6.817
10.880
1.935
4.904
27.818
3.532
10.364
4.452
3.591
6.837
27.841
10.380
4.885
34145.89,34042.78,38358.25,38490.69
10.863
1.937
4.436
3.534
3.580
34177.82,34076.39,38366.01,38484.58
6.835
10.817
1.979
4.888
27.863
3.535
10.397
4.510
3.607
3.583
3.539
10.851
4.490
6.803
27.979
4.867
10.401
1.964
34136.40,34021.52,38341.43,38421.73
34278.48,34175.83,38456.17,38586.19
6.801
10.820
1.941
4.897
27.786
3.591
10.358
4.490
3.577
4.432
10.845
1.939
10.365
34236.70,34125.97,38450.39,38485.52
3.521
4.876
6.842
3.580
27.745
34262.59,34144.06,38433.86,38554.97
6.807
10.887
1.945
4.879
27.784
3.544
10.384
4.533
3.597
3.573
10.367
4.447
3.558
10.920
27.823
6.818
34111.35,34010.93,38236.36,38385.66
1.940
4.877
33873.27,33779.42,38039.76,38212.07
6.825
10.858
1.942
4.887
27.837
3.526
10.373
4.519
3.581
10.351
4.451
27.963
34188.74,34091.98,38397.54,38448.08
10.889
1.941
3.508
6.838
4.876
3.590
34252.96,34134.00,38450.33,38559.75
6.836
10.880
1.939
4.890
27.823
3.521
10.395
4.563
3.562
4.883
34133.65,34032.90,38299.89,38453.34
3.567
1.940
4.433
6.822
10.866
27.832
10.354
3.606
34104.61,34007.89,38265.68,38398.77
6.807
10.851
1.939
4.887
27.900
3.491
10.375
4.496
3.555
3.551
10.860
27.941
1.940
10.360
6.803
4.484
3.586
4.880
33944.70,33837.32,38128.16,38311.14
34192.26,34071.93,38382.32,38571.38
6.821
10.918
1.939
4.885
27.827
3.540
10.375
4.526
3.561
4.514
4.872
3.578
3.532
1.946
10.381
27.821
6.807
34136.24,34044.77,38318.70,38406.62
10.870
34268.78,34155.37,38448.08,38579.27
6.787
10.871
1.935
4.879
27.933
3.519
10.396
4.477
3.593
27.959
4.462
1.938
10.371
10.895
3.572
6.831
4.881
3.557
34120.32,34013.01,38319.44,38446.42
34205.98,34091.39,38370.13,38463.80
6.814
10.865
1.936
4.883
27.817
3.490
10.377
4.458
3.575
6.817
4.479
3.549
1.968
3.589
4.889
10.364
10.896
34162.75,34049.52,38306.52,38520.62
27.862
34175.04,34067.26,38349.05,38396.79
6.812
10.908
1.939
4.877
27.934
3.534
10.391
4.572
3.586
4.886
1.941
3.570
34219.32,34125.42,38396.99,38476.47
4.490
6.830
3.541
10.906
27.851
10.364
34261.46,34153.23,38467.29,38585.77
6.797
10.927
1.943
4.880
27.866
3.545
10.387
4.507
3.603
1.963
34216.59,34105.21,38378.98,38461.25
3.573
6.805
4.455
10.378
4.887
27.814
3.499
10.971
34286.70,34183.84,38488.82,38555.38
6.837
10.833
1.938
4.881
27.770
3.496
10.379
4.457
3.582
4.882
1.935
10.365
34237.70,34128.26,38453.44,38577.06
3.592
4.483
10.903
27.704
6.792
3.580
34236.89,34114.69,38410.54,38513.43
6.851
10.855
1.973
4.892
27.777
3.527
10.376
4.505
3.575
27.889
10.383
4.493
3.584
3.545
10.880
4.880
1.943
6.803
34151.66,34047.78,38345.95,38419.19
34246.74,34136.91,38425.18,38567.13
6.862
10.854
1.967
4.877
28.021
3.475
10.383
4.461
3.580
3.569
33917.29,33830.76,38155.51,38283.02
4.506
4.892
6.822
27.924
3.564
10.376
10.905
1.955
34177.08,34113.15,38392.10,38542.11
6.798
10.847
1.954
4.895
27.803
3.518
10.407
4.491
3.581
2.085
10.860
6.802
4.877
27.790
34126.88,34029.47,38338.11,38374.45
4.455
3.538
10.382
3.563
34220.41,34122.41,38361.87,38570.41
6.813
10.845
1.958
4.880
27.790
3.601
10.721
4.458
3.566
6.798
3.561
27.896
4.885
4.531
34135.44,34014.91,38304.60,38361.77
10.884
1.936
10.374
3.540
34261.50,34150.74,38437.70,38434.04
6.864
10.927
1.975
4.874
27.815
3.501
10.356
4.425
3.601
4.454
3.591
10.377
10.931
1.939
27.874
3.558
4.885
6.841
34152.92,34046.78,38351.65,38483.79
34160.08,34066.07,38372.99,38459.28
6.822
10.869
1.960
4.887
27.847
3.504
10.392
4.473
3.572
10.877
6.784
4.465
34234.53,34084.74,38416.56,38536.70
28.023
10.386
3.523
3.566
4.888
1.942
34269.25,34163.38,38418.61,38558.16
6.826
10.851
1.935
4.890
27.925
3.509
10.373
4.461
3.563
27.788
4.489
10.831
3.583
3.541
4.887
6.817
1.956
34183.87,34086.51,38410.61,38553.53
10.388
34232.09,34113.58,38431.13,38468.44
6.824
10.875
1.941
4.895
27.724
3.505
10.384
4.472
3.567
34182.50,34096.66,38378.16,38505.93
1.939
6.872
10.400
4.450
3.535
27.879
10.850
4.896
3.572
34298.99,34199.04,38508.49,38649.57
6.838
10.883
1.935
4.892
27.760
3.562
10.376
4.509
3.594
1.935
4.454
3.522
27.861
6.826
10.370
34165.98,34063.01,38364.31,38499.70
4.887
3.573
10.904
34213.86,34099.46,38364.49,38502.88
6.818
10.847
1.958
4.879
27.744
3.508
10.384
4.443
3.572
34142.18,34025.30,38315.12,38491.17
10.398
10.903
3.553
4.484
1.944
6.816
3.571
27.919
4.890
34265.21,34164.31,38432.01,38614.64
6.812
10.866
1.958
4.880
27.968
3.532
10.367
4.488
3.569
4.431
3.571
27.767
3.556
10.356
10.889
34144.11,34037.95,38325.95,38497.89
4.871
1.965
6.801
34264.38,34149.84,38418.38,38609.29
6.831
10.860
1.936
4.884
27.814
3.516
10.376
4.484
3.586
10.862
3.542
1.960
34314.19,34203.79,38523.86,38496.70
4.890
3.567
27.787
10.377
4.493
6.839
34171.22,34095.02,38353.80,38546.58
6.805
10.900
1.933
4.889
27.803
3.594
10.396
4.481
3.571
10.399
34186.56,34090.59,38350.20,38575.02
4.889
3.497
3.573
10.956
6.815
27.703
4.473
1.935
34099.35,33992.90,38254.38,38476.04
6.807
10.871
1.941
4.891
27.878
3.519
10.379
4.477
3.584
1.939
3.577
34248.60,34131.64,38424.20,38544.87
3.576
4.385
27.831
4.887
10.370
10.883
6.841
34251.17,34112.76,38416.65,38543.03
6.816
10.859
1.937
4.881
27.732
3.485
10.351
4.435
3.586
4.456
27.864
34259.57,34145.57,38435.43,38596.09
1.962
4.897
6.820
10.900
10.404
3.538
3.576
34283.35,34169.22,38489.68,38576.31
6.835
10.866
1.940
4.880
27.767
3.533
10.378
4.454
3.564
27.857
4.436
3.540
10.389
10.871
6.809
4.884
34209.05,34099.06,38396.13,38536.47
1.933
3.572
34200.54,34106.12,38411.62,38589.90
6.868
10.880
1.961
4.888
27.847
3.524
10.398
4.429
3.585
3.603
28.023
4.477
3.571
6.871
34275.42,34170.40,38481.11,38564.59
10.918
10.399
1.959
4.869
34323.50,34193.94,38506.56,38524.66
6.812
10.870
1.945
4.888
27.860
3.509
10.356
4.440
3.577
27.909
3.528
4.881
3.571
1.941
4.472
10.390
10.953
34062.42,33939.27,38165.58,38405.37
6.831
34266.49,34168.06,38472.56,38564.80
6.828
10.841
1.935
4.892
27.815
3.479
10.367
4.481
3.575
27.884
3.598
4.475
1.954
6.829
4.875
3.596
10.377
34182.33,34076.24,38381.47,38507.27
10.881
34231.44,34122.21,38428.68,38534.80
6.886
10.916
1.936
4.878
27.838
3.551
10.523
4.480
3.619
3.547
4.870
10.888
3.571
33937.16,33848.92,38159.50,38264.95
6.814
1.937
10.391
4.443
27.974
34155.61,34050.46,38300.96,38482.54
6.853
10.856
1.936
4.898
27.934
3.492
10.365
4.488
3.578
34186.95,34060.50,38318.22,38545.66
3.482
4.881
27.879
1.938
3.582
10.886
6.829
4.440
10.399
34162.06,34046.34,38315.67,38519.79
6.814
10.914
1.954
4.881
27.764
3.558
10.363
4.458
3.560
1.934
3.571
3.501
34206.33,34110.89,38392.02,38563.18
10.365
6.845
27.901
10.861
4.880
4.483
34168.79,34042.98,38308.11,38595.17
6.820
10.891
1.938
4.875
27.917
3.534
10.406
4.469
3.582
1.937
27.684
6.811
3.517
4.868
4.433
10.377
3.576
10.881
34196.16,34109.89,38396.37,38493.43
34258.50,34146.94,38476.69,38556.64
6.826
10.868
1.959
4.886
27.966
3.485
10.393
4.424
3.549
3.543
6.821
3.587
27.777
4.884
10.405
34142.07,34030.95,38327.29,38486.77
10.836
4.449
1.958
34161.24,34074.80,38309.30,38381.33
6.814
10.839
1.936
4.886
27.890
3.536
10.394
4.464
3.568
10.330
6.811
1.965
3.569
4.437
3.500
4.881
10.919
34183.66,34076.62,38363.45,38448.13
27.947
34216.44,34109.06,38404.79,38549.57
6.882
10.903
1.934
4.887
27.885
3.545
10.405
4.450
3.570
34189.08,34099.28,38393.40,38444.37
4.476
3.514
3.583
27.753
10.895
10.386
6.845
4.879
1.937
34164.56,34074.14,38328.82,38413.83
6.882
10.864
1.968
4.877
27.887
3.543
10.365
4.477
3.577
4.889
4.423
10.379
1.973
3.544
3.568
6.787
10.902
34145.88,34051.20,38364.59,38545.25
27.864
34188.84,34087.31,38401.62,38518.51
6.773
10.857
1.966
4.896
27.792
3.498
10.388
4.394
3.564
4.894
3.576
27.742
4.514
34097.00,34007.16,38297.18,38436.57
3.540
6.813
10.415
10.884
1.961
34252.27,34166.82,38453.65,38545.54
6.816
10.887
1.935
4.885
27.760
3.541
10.375
4.467
3.555
3.585
4.450
4.876
6.802
10.828
27.981
10.384
34102.84,33991.92,38279.13,38449.44
1.935
3.491
32869.74,32786.18,37208.53,37268.29
6.836
10.862
1.935
4.872
27.982
3.549
10.387
4.496
3.565
4.470
4.882
1.933
27.747
10.369
3.572
34113.93,34023.98,38338.66,38433.74
10.878
3.559
6.803
34156.65,34038.82,38314.12,38518.19
6.815
10.847
1.934
4.894
27.800
3.580
10.369
4.432
3.589
1.940
10.379
34114.88,34021.25,38337.26,38454.26
4.885
28.020
4.472
6.822
3.517
3.561
10.865
34222.41,34134.51,38438.15,38565.23
6.797
10.938
1.935
4.881
27.741
3.515
10.362
4.431
3.574
1.938
6.820
34165.85,34078.41,38337.97,38530.74
3.564
4.884
4.473
27.913
10.382
10.886
3.498
34265.59,34176.38,38473.26,38615.67
6.792
10.828
1.971
4.874
27.876
3.522
10.372
4.449
3.579
34135.45,34037.20,38296.60,38357.56
4.875
10.403
1.940
3.580
27.998
3.497
10.870
4.496
6.853
34252.67,34155.14,38429.60,38573.01
6.825
10.852
1.934
4.884
27.857
3.514
10.357
4.463
3.649
10.843
34018.57,33935.51,38200.84,38499.97
3.566
4.552
10.396
1.965
27.914
6.853
3.546
4.892
34289.72,34154.70,38412.07,38608.29
6.838
10.863
1.938
4.885
27.893
3.537
10.367
4.458
3.573
4.444
34163.37,34062.84,38347.26,38518.92
6.842
3.510
10.901
1.955
4.887
3.558
27.789
10.347
34169.43,34092.81,38317.72,38466.66
6.853
10.918
1.965
4.888
27.814
3.496
10.391
4.582
3.564
27.896
34130.48,34013.88,38319.77,38478.24
3.587
4.885
6.772
10.381
10.899
1.933
4.463
3.484
34288.57,34181.73,38471.48,38641.86
6.816
10.857
1.935
4.894
27.777
3.481
10.387
4.423
3.602
27.990
4.895
6.828
10.386
3.553
10.920
1.963
34205.55,34090.53,38399.77,38447.56
4.478
3.502
34239.87,34152.00,38441.09,38506.01
6.846
10.873
1.936
4.884
27.855
3.582
10.402
4.447
3.576
34238.57,34136.62,38423.89,38526.53
1.975
10.383
6.814
10.882
3.583
4.893
4.510
3.545
27.857
34241.79,34146.98,38463.55,38564.18
6.809
10.906
1.937
4.877
27.850
3.553
10.345
4.527
3.609
10.351
34236.74,34119.21,38403.69,38509.06
27.875
3.558
10.843
3.596
4.456
4.898
1.954
6.806
34289.92,34189.25,38478.71,38554.11
6.811
10.963
1.936
4.889
27.813
3.502
10.373
4.462
3.598
4.879
10.381
10.866
4.457
3.510
27.823
1.965
34007.23,33895.86,38167.16,38338.89
6.839
3.589
34230.31,34143.79,38442.46,38583.87
6.832
10.847
1.957
4.873
27.904
3.489
10.378
4.563
3.591
4.428
4.876
34132.45,34046.91,38320.22,38433.78
10.874
10.374
1.953
27.825
3.561
3.632
6.812
34271.53,34166.37,38467.34,38472.89
6.883
10.862
1.965
4.889
27.825
3.505
10.374
4.481
3.570
1.952
4.877
10.880
6.796
34227.51,34107.14,38369.15,38509.79
3.574
4.509
27.967
3.514
10.369
34191.41,34108.60,38426.67,38399.88
6.856
10.858
1.939
4.871
27.848
3.524
10.388
4.462
3.561
4.470
10.372
27.884
3.534
10.842
3.587
6.822
34095.99,34019.39,38261.24,38460.44
4.886
1.958
34221.32,34099.38,38397.13,38502.63
6.820
10.827
1.960
4.884
27.903
3.573
10.374
4.501
3.574
10.966
34121.19,34026.82,38302.10,38446.61
27.790
3.576
3.543
10.404
1.936
4.886
6.804
4.502
34164.27,34077.29,38355.78,38486.21
6.867
10.892
1.940
4.890
27.871
3.588
10.377
4.502
3.580
3.508
34138.16,34054.52,38300.61,38557.29
3.558
10.888
4.905
1.936
4.450
10.382
27.992
6.810
32525.04,32428.68,36844.35,36969.55
6.813
10.901
1.934
4.882
27.765
3.503
10.381
4.437
3.604
4.881
10.390
34185.63,34095.88,38421.55,38525.32
3.491
1.945
10.848
27.861
4.451
3.571
6.816
33893.44,33810.70,38087.83,38274.15
6.856
10.852
1.936
4.893
27.821
3.548
10.353
4.488
3.564
10.890
10.379
34215.72,34092.65,38415.39,38594.23
4.879
6.794
4.439
3.565
1.963
3.504
27.924
34120.22,34033.86,38298.22,38378.46
6.828
10.889
1.940
4.888
27.892
3.496
10.401
4.436
3.557
27.809
34227.42,34114.95,38390.66,38613.37
4.878
3.572
4.444
10.398
6.835
11.262
1.941
3.520
34283.69,34181.92,38482.28,38587.97
6.826
10.862
1.960
4.898
27.705
3.557
10.384
4.480
3.562
6.794
4.884
3.577
33994.31,33825.38,38164.95,38396.87
1.943
3.486
10.888
10.390
4.446
27.863
34240.32,34150.15,38458.35,38529.04
6.838
10.921
1.942
4.881
27.850
3.528
10.405
4.463
3.566
34293.51,34154.84,38460.29,38580.21
4.886
10.882
27.766
3.564
1.975
3.477
10.402
4.464
6.803
34194.13,34099.29,38395.16,38500.74
6.811
10.864
1.934
4.883
27.813
3.484
10.417
4.429
3.572
3.504
3.553
6.810
34046.92,33946.53,38259.33,38311.62
10.931
4.894
1.956
4.440
27.772
10.408
34216.12,34120.66,38423.85,38517.48
6.805
10.849
1.938
4.876
27.915
3.547
10.394
4.482
3.570
27.788
3.602
4.501
3.538
10.834
4.882
34215.50,34110.95,38412.21,38486.29
1.938
10.386
6.847
34196.78,34087.09,38368.17,38578.65
6.798
10.832
1.936
4.891
27.876
3.538
10.418
4.485
3.571
6.826
3.547
28.001
4.521
4.895
10.926
10.370
1.938
34214.85,34114.74,38407.88,38526.58
3.537
34206.18,34113.98,38404.98,38515.57
6.815
10.891
1.938
4.878
27.840
3.557
10.351
4.404
3.645
27.898
1.934
3.567
6.841
3.545
34273.60,34176.64,38503.03,38554.78
4.890
10.372
10.870
4.441
34267.62,34143.60,38446.50,38607.17
6.817
10.928
1.936
4.878
27.796
3.504
10.364
4.520
3.597
10.385
3.562
6.832
27.787
34265.37,34142.36,38466.66,38566.45
3.522
1.938
4.879
10.937
4.470
34262.80,34164.64,38499.57,38557.78
6.848
10.911
1.935
4.869
27.794
3.516
10.379
4.501
3.584
27.964
34222.37,34112.41,38424.56,38602.83
3.498
10.386
4.891
6.840
1.936
4.509
10.892
3.579
34197.44,34072.87,38404.60,38557.97
6.814
10.908
1.967
4.895
27.775
3.515
10.382
4.526
3.568
6.518
6.839
3.595
3.546
34195.15,34112.07,38351.78,38504.45
27.896
10.425
10.985
4.901
1.934
34127.81,34004.58,38283.10,38427.72
6.796
10.885
1.942
4.890
27.789
3.509
10.386
4.483
3.564
6.874
10.364
3.563
3.561
28.013
1.936
4.491
10.850
34185.38,34070.52,38347.62,38466.49
4.874
34231.18,34120.74,38427.37,38604.69
6.825
10.927
1.940
4.889
27.756
3.509
10.361
4.443
3.589
6.853
27.944
4.891
4.477
34131.08,34042.26,38338.41,38488.23
3.566
10.399
10.906
3.560
1.937
34125.11,34062.12,38318.62,38464.11
6.827
10.885
1.933
4.882
27.835
3.477
10.365
4.447
3.576
6.844
4.423
1.953
3.546
3.588
34242.66,34144.95,38425.88,38544.47
10.885
4.884
10.383
27.993
34061.60,33964.70,38245.02,38315.10
6.801
10.880
1.933
4.889
27.854
3.589
10.382
4.423
3.575
27.927
4.557
10.381
3.551
1.946
3.561
6.811
10.866
4.874
33893.77,33816.58,38121.82,38261.27
34267.26,34155.26,38455.00,38535.39
6.789
10.852
1.938
4.886
28.003
3.500
10.351
4.485
3.590
6.807
27.766
4.476
10.367
10.871
34162.92,34053.49,38383.79,38468.75
4.904
3.556
1.938
3.584
34235.08,34117.76,38452.22,38481.59
6.802
10.876
1.939
4.875
27.853
3.544
10.360
4.457
3.581
27.768
6.816
3.537
4.875
10.890
3.578
34086.14,33995.80,38219.45,38532.62
1.936
4.451
10.413
34225.48,34148.37,38431.25,38578.24
6.798
10.934
1.939
4.891
27.872
3.499
10.374
4.483
3.566
34084.09,34006.85,38283.16,38446.82
3.582
3.592
4.891
1.941
27.958
6.819
10.380
4.492
10.921
34260.40,34160.12,38468.41,38559.41
6.778
10.910
1.933
4.881
27.820
3.561
10.359
4.474
3.581
10.364
1.938
34284.17,34173.19,38470.31,38613.82
27.867
3.580
3.505
6.812
10.849
4.491
4.892
34165.10,34063.14,38324.76,38517.30
6.814
10.917
1.941
4.887
27.820
3.515
10.370
4.543
3.592
4.461
27.801
6.812
4.883
3.590
1.957
34251.93,34145.96,38459.52,38544.21
10.380
3.538
10.909
34323.56,34206.33,38460.27,38643.37
6.842
10.892
1.933
4.883
27.971
3.561
10.390
4.505
3.569
3.556
27.871
4.881
34090.34,33980.48,38276.89,38381.31
6.773
10.877
10.404
4.506
3.572
1.940
34175.16,34075.97,38343.41,38527.34
6.876
10.883
1.935
4.881
28.076
3.526
10.380
4.477
3.598
4.469
1.938
6.832
34277.31,34150.76,38480.48,38544.67
4.873
27.811
10.357
3.573
3.499
10.906
34234.47,34147.73,38422.39,38552.47
6.834
10.878
1.934
4.883
27.754
3.595
10.398
4.473
3.588
10.856
3.584
10.387
1.954
28.027
3.533
34156.17,34039.56,38327.24,38473.25
6.824
4.460
4.881
34214.19,34108.24,38406.87,38525.19
6.820
10.850
1.964
4.872
27.829
3.486
10.372
4.441
3.559
1.944
6.790
27.948
10.897
4.894
10.369
3.586
34023.59,33943.39,38230.93,38326.42
3.551
4.432
34192.91,34097.98,38410.86,38529.86
6.863
10.841
1.936
4.882
27.843
3.580
10.381
4.553
3.580
6.794
10.894
34201.58,34103.43,38416.72,38519.90
3.487
4.480
3.560
1.965
4.877
27.808
10.367
34283.00,34168.36,38474.90,38627.30
6.842
10.842
1.941
4.893
27.745
3.494
10.380
4.480
3.579
3.509
34217.06,34124.50,38415.13,38454.43
10.844
1.939
10.368
4.892
3.573
6.835
4.442
27.834
34215.24,34103.62,38381.31,38545.11
6.811
10.865
1.933
4.886
27.974
3.523
10.370
4.510
3.591
4.877
3.520
3.613
1.934
4.491
27.886
34223.08,34106.32,38401.25,38480.68
10.863
6.801
10.379
34112.97,34026.30,38257.38,38450.61
6.848
10.874
1.935
4.893
27.852
3.567
10.355
4.457
3.576
1.937
3.593
34128.14,34050.25,38287.91,38486.13
4.892
27.866
6.807
10.377
4.490
3.586
10.926
34267.00,34155.43,38430.23,38593.59
6.812
10.891
1.938
4.872
27.893
3.605
10.401
4.497
3.581
6.832
3.576
4.447
4.879
1.963
27.900
34204.16,34092.42,38391.22,38387.84
3.517
10.396
10.913
34257.21,34145.93,38442.95,38468.90
6.849
10.868
1.938
4.883
27.814
3.488
10.399
4.461
3.593
27.808
3.521
6.801
10.889
34181.27,34058.98,38358.23,38459.09
4.466
1.934
10.397
4.893
3.562
34127.77,34053.89,38337.47,38507.11
6.848
10.875
1.935
4.891
27.831
3.547
10.398
4.469
3.578
27.756
10.372
10.850
4.864
4.464
1.935
3.565
3.522
34098.46,34008.71,38306.66,38394.38
6.802
34201.52,34106.44,38353.71,38462.37
6.852
10.842
1.939
4.901
27.737
3.551
10.370
4.407
3.557
1.936
4.865
10.382
34206.16,34112.18,38419.90,38523.40
4.498
10.848
3.585
6.808
27.802
3.477
34259.47,34146.18,38428.19,38531.46
6.811
10.849
1.965
4.874
27.860
3.532
10.402
4.442
3.575
10.372
10.881
6.809
27.791
3.601
34179.32,34051.49,38362.88,38427.88
1.965
4.900
3.578
4.476
34243.79,34123.48,38397.49,38549.08
6.803
10.866
1.940
4.879
27.926
3.542
10.376
4.452
3.584
10.832
4.393
34199.37,34092.93,38422.01,38457.97
3.562
6.824
27.828
3.515
10.400
1.940
4.888
34278.66,34152.81,38476.17,38596.19
6.839
10.850
1.941
4.882
27.836
3.500
10.386
4.457
3.571
27.842
10.946
10.390
4.489
1.936
4.881
3.586
6.830
3.487
34180.11,34063.54,38381.34,38492.51
34281.49,34153.12,38499.98,38586.70
6.847
10.907
1.960
4.890
27.837
3.538
10.422
4.464
3.573
10.369
4.897
10.851
1.957
27.936
3.539
6.853
4.441
33802.17,33716.78,37986.44,38113.39
3.594
34230.58,34136.29,38431.46,38655.24
6.808
10.891
1.960
4.875
27.757
3.551
10.366
4.474
3.591
4.874
6.828
10.408
10.865
34074.74,33975.19,38248.23,38383.62
4.708
3.572
27.830
1.944
3.565
34258.45,34160.21,38475.52,38608.32
6.847
10.842
1.954
4.896
27.771
3.510
10.368
4.423
3.606
3.488
6.845
4.447
10.896
10.373
27.952
1.935
4.891
3.601
34162.28,34056.53,38363.13,38478.19
34192.75,34106.59,38380.60,38559.77
6.825
10.865
1.936
4.888
27.895
3.536
10.394
4.457
3.582
4.447
27.818
34147.43,34047.64,38333.92,38508.96
4.900
3.562
10.385
10.911
6.841
1.961
3.584
34224.81,34112.41,38415.48,38516.15
6.820
10.876
1.933
4.883
27.912
3.502
10.396
4.510
3.561
3.484
4.883
4.423
10.869
10.399
6.849
3.579
1.943
34185.19,34091.17,38354.12,38490.22
27.841
34257.70,34164.49,38465.03,38557.52
6.850
10.889
1.934
4.889
27.764
3.556
10.346
4.486
3.590
4.879
4.491
3.572
27.897
3.566
34179.90,34072.93,38352.38,38489.38
6.814
1.958
10.882
10.371
34233.81,34139.08,38394.41,38628.17
6.796
10.868
1.934
4.884
27.759
3.521
10.403
4.484
3.582
34184.79,34076.26,38359.97,38405.27
3.517
4.449
6.829
27.779
10.847
1.941
4.878
3.571
10.388
34239.27,34138.56,38465.76,38553.76
6.800
10.875
1.961
4.879
27.858
3.536
10.373
4.495
3.577
10.867
27.891
3.560
10.355
4.871
34087.58,33992.93,38309.46,38322.12
3.579
1.938
4.553
6.846
34221.06,34113.96,38415.75,38568.94
6.857
10.871
1.936
4.895
27.900
3.520
10.403
4.532
3.567
3.528
4.887
1.955
10.924
4.455
3.593
6.774
34157.15,34069.06,38352.77,38427.19
27.949
10.407
34246.03,34156.52,38456.50,38554.44
6.831
10.834
1.941
4.887
27.864
3.500
10.379
4.466
3.575
3.502
10.880
4.880
1.942
10.351
6.811
34063.89,33970.93,38237.32,38371.36
27.938
3.571
4.524
34244.87,34144.44,38427.59,38455.55
6.865
10.873
1.936
4.891
27.884
3.511
10.375
4.516
3.574
27.873
3.580
10.871
34151.44,34044.07,38351.05,38466.06
4.895
3.563
10.405
1.945
4.535
6.809
34250.34,34160.51,38449.61,38552.05
6.851
10.865
1.935
4.873
27.981
3.526
10.373
4.397
3.564
10.907
3.560
6.811
1.936
34174.81,34094.69,38404.62,38447.43
3.579
10.398
4.502
27.896
4.877
34180.67,34082.86,38345.67,38548.11
6.807
10.876
1.938
4.889
27.860
3.584
10.417
4.491
3.555
34292.66,34198.16,38525.53,38581.02
1.942
10.389
27.848
3.542
4.881
4.428
10.910
6.822
3.584
34211.92,34104.91,38359.40,38528.75
6.803
10.826
1.975
4.901
27.905
3.532
10.360
4.487
3.562
4.477
34211.79,34106.80,38364.86,38373.14
10.908
10.392
3.579
4.867
1.937
6.828
3.502
27.928
34061.50,33976.88,38223.78,38366.81
6.818
10.910
1.938
4.889
27.848
3.522
10.361
4.477
3.560
4.874
3.507
4.490
3.578
10.885
1.938
34224.81,34116.74,38447.97,38646.98
10.388
27.853
6.834
34229.56,34117.49,38409.82,38539.63
6.836
10.902
1.960
4.877
28.103
3.583
10.399
4.482
3.588
4.400
3.578
1.967
27.688
6.805
3.544
4.877
10.919
34228.50,34125.64,38456.89,38560.51
10.379
34224.44,34104.39,38414.50,38469.83
6.803
10.913
1.939
4.882
27.766
3.521
10.357
4.501
3.564
27.821
4.873
10.373
6.799
1.937
3.543
4.430
3.583
10.903
34123.59,34024.83,38286.08,38490.52
34070.51,33979.66,38224.78,38317.76
6.856
10.870
1.938
4.890
27.853
3.570
10.382
4.431
3.586
4.882
6.810
27.822
1.936
10.391
4.490
10.892
3.558
3.546
34184.73,34078.27,38379.47,38513.24
34249.09,34156.06,38423.04,38454.99
6.831
10.853
1.963
4.896
27.789
3.561
10.412
4.414
3.575
27.879
4.513
3.562
10.867
4.862
3.504
6.821
34152.15,34049.56,38312.14,38486.36
1.939
10.408
34306.41,34192.69,38497.54,38597.30
6.810
10.833
1.937
4.887
27.809
3.597
10.374
4.474
3.603
34239.81,34129.51,38416.96,38548.90
3.592
27.919
4.877
10.892
6.831
3.568
10.376
1.962
4.491
34228.78,34159.46,38402.94,38542.04
6.845
10.915
1.939
4.877
27.758
3.514
10.359
4.488
3.611
4.473
3.568
4.880
34226.32,34127.38,38434.17,38451.68
10.390
10.882
1.958
3.509
27.885
6.789
34188.72,34095.92,38374.53,38428.88
6.836
10.846
1.973
4.870
27.982
3.517
10.419
4.450
3.570
28.010
3.499
4.880
34127.98,34029.32,38342.72,38244.07
4.467
1.934
3.557
6.872
10.417
10.893
34249.62,34175.24,38484.18,38583.88
6.845
10.882
1.935
4.867
27.908
3.478
10.372
4.447
3.581
10.363
28.024
3.589
10.886
6.854
4.878
3.580
4.443
34068.26,33977.48,38269.91,38396.69
1.937
34259.21,34134.71,38434.87,38567.41
6.840
10.896
1.937
4.877
27.935
3.523
10.398
4.486
3.603
6.822
27.781
4.886
3.508
10.885
10.399
34186.77,34078.39,38334.13,38469.85
3.573
4.422
1.955
34315.93,34206.04,38521.08,38627.83
6.843
10.848
1.940
4.906
27.815
3.578
10.368
4.490
3.590
27.793
10.389
4.881
34128.31,34033.80,38340.42,38450.19
6.817
4.475
3.532
3.582
10.896
1.960
34244.91,34139.57,38430.67,38556.50
6.814
10.872
1.957
4.895
27.803
3.543
10.389
4.458
3.597
1.936
3.563
4.461
27.860
3.557
34116.41,34033.96,38276.08,38438.15
10.939
6.835
10.381
4.885
34125.75,34038.05,38239.26,38458.39
6.814
10.913
1.943
4.880
27.824
3.584
10.401
4.481
3.567
1.935
10.402
3.587
4.469
6.830
34262.64,34153.20,38470.86,38535.05
3.491
4.895
27.843
10.895
34259.01,34134.70,38427.88,38604.66
6.819
10.856
1.938
4.878
27.866
3.528
10.426
4.501
3.580
4.890
3.544
27.907
1.955
34120.30,34030.37,38317.48,38419.83
6.840
3.579
10.889
4.513
10.390
34177.24,34082.53,38365.42,38470.49
6.812
10.939
1.937
4.887
27.818
3.538
10.397
4.535
3.554
3.597
10.828
27.973
10.402
4.928
4.508
1.939
33878.72,33756.97,38093.63,38318.29
3.577
6.894
34166.62,34043.83,38320.44,38471.47
6.814
10.924
1.956
4.892
27.864
3.523
10.431
4.438
3.566
4.888
10.835
3.499
27.739
10.368
3.581
34151.33,34046.74,38366.54,38496.51
6.789
4.444
1.944
34191.52,34075.80,38366.93,38517.86
6.827
10.892
1.937
4.891
27.778
3.516
10.410
4.435
3.554
1.934
3.565
4.428
4.889
27.887
10.377
3.569
6.827
10.878
34090.82,33973.38,38308.52,38325.07
34225.16,34143.36,38395.78,38587.42
6.814
10.837
1.945
4.886
27.830
3.567
10.358
4.429
3.602
3.565
10.371
34165.93,34080.60,38394.89,38464.64
6.814
3.521
4.494
27.816
1.969
10.840
4.887
34164.89,34054.34,38342.54,38441.30
6.865
10.942
1.968
4.879
27.911
3.577
10.409
4.513
3.574
4.507
10.380
27.763
6.817
10.876
4.876
3.506
3.624
34054.25,33955.58,38260.91,38374.03
1.937
34075.23,33979.29,38256.28,38366.78
6.828
10.868
1.961
4.885
27.815
3.564
10.507
4.489
3.574
4.482
27.795
1.940
3.583
6.812
10.395
10.913
3.496
33869.55,33808.46,38027.43,38256.00
4.893
34193.67,34109.20,38379.58,38585.11
6.800
10.864
1.938
4.897
27.916
3.527
10.374
4.461
3.583
27.930
1.964
4.114
4.422
10.845
3.567
6.790
10.388
4.880
34255.22,34136.86,38482.40,38583.39
34188.94,34077.45,38352.71,38473.92
6.818
10.859
1.939
4.893
27.771
3.516
10.375
4.499
3.575
3.578
4.434
3.546
10.903
10.370
1.936
27.870
6.789
4.865
34126.43,34012.66,38336.39,38384.30
34172.43,34086.34,38367.14,38502.95
6.835
10.889
1.941
4.874
27.794
3.512
10.387
4.496
3.582
34250.21,34134.23,38422.31,38516.20
10.856
3.592
4.882
6.854
1.939
10.404
3.535
27.759
4.423
33608.71,33520.12,37926.47,38027.19
6.846
11.052
1.936
4.886
27.903
3.536
10.391
4.443
3.586
3.549
6.782
1.937
10.369
27.884
4.861
34123.85,34006.65,38310.80,38470.61
10.872
4.404
3.568
34252.14,34132.33,38445.56,38589.22
6.839
10.963
1.934
4.900
27.853
3.531
10.385
4.457
3.574
3.546
4.478
3.574
34191.09,34105.02,38388.62,38547.63
10.896
1.933
6.814
10.405
4.890
27.742
34208.21,34112.60,38438.71,38523.38
6.833
10.885
1.936
4.898
27.940
3.474
10.364
4.510
3.583
27.844
10.848
3.580
3.518
4.489
34187.54,34080.46,38346.81,38539.78
6.857
1.937
10.412
4.897
34282.72,34167.79,38450.24,38574.53
6.822
10.996
1.938
4.870
27.866
3.530
10.395
4.472
3.578
6.823
3.550
4.893
4.402
3.586
10.380
34189.69,34073.94,38361.42,38518.09
27.836
10.898
1.946
34224.59,34128.16,38400.11,38485.15
6.814
10.861
1.967
4.878
27.947
3.494
10.388
4.466
3.608
34274.25,34169.91,38454.31,38559.01
10.374
6.863
1.936
27.907
10.865
4.877
4.489
3.548
3.558
34229.85,34129.35,38407.59,38520.92
6.823
10.877
1.934
4.868
27.889
3.505
10.375
4.383
3.568
6.809
4.445
1.941
3.557
27.895
10.349
10.867
34157.84,34041.95,38332.59,38512.71
3.553
4.893
34289.25,34171.45,38492.21,38570.32
6.808
10.862
1.938
4.906
27.897
3.527
10.384
4.479
3.580
1.938
27.705
6.829
4.879
3.578
10.393
4.558
34202.35,34105.12,38355.05,38501.70
10.905
3.509
34075.93,33980.67,38273.76,38367.62
6.821
10.868
1.940
4.886
27.750
3.514
10.413
4.489
3.569
3.522
34246.12,34135.81,38448.65,38514.83
10.383
6.809
10.940
3.595
4.487
1.938
4.872
27.814
34152.39,34055.21,38290.53,38485.47
6.806
10.880
1.937
4.883
27.813
3.507
10.379
4.463
3.595
27.826
3.567
6.817
34199.17,34101.11,38395.18,38504.66
4.876
10.949
10.379
1.955
3.540
4.453
34224.20,34121.84,38399.05,38565.32
6.824
10.872
1.970
4.889
27.816
3.511
10.399
4.457
3.592
10.844
1.940
27.812
10.390
4.876
4.442
3.482
3.583
6.816
34263.69,34153.23,38460.01,38582.62
