33897.61,33778.88,38058.51,38166.46
6.833
10.895
1.950
4.911
27.945
3.522
10.403
4.521
3.583
33768.39,33668.05,37861.95,38098.52
6.847
10.896
1.939
4.906
27.872
3.533
10.422
4.565
3.579
33991.09,33886.23,38210.92,38261.90
6.865
10.881
1.972
4.919
27.988
3.539
10.413
4.487
3.595
33030.07,32886.15,37218.67,37308.60
6.916
11.148
1.950
4.921
27.894
3.542
10.424
4.517
3.596
33852.77,33778.38,38037.04,38187.62
6.880
10.964
1.946
4.911
27.847
3.544
10.426
4.502
3.579
33735.16,33668.47,37870.91,38021.55
6.856
10.901
1.948
4.910
27.786
3.503
10.424
4.514
3.575
33970.72,33867.45,38160.93,38299.73
6.841
10.856
1.982
4.914
27.745
3.529
10.405
4.627
3.597
33816.72,33753.72,37976.86,38215.19
6.866
10.961
1.941
4.912
27.834
3.545
10.409
4.459
3.617
33834.38,33730.43,37999.41,38143.89
6.859
10.916
1.944
4.929
27.912
3.565
10.409
4.487
3.588
33926.67,33819.19,38084.62,38176.77
6.855
10.966
1.986
4.914
27.960
3.563
10.408
4.501
3.577
33799.48,33738.64,37953.15,38078.28
6.853
10.906
1.941
4.905
27.957
3.539
10.362
4.464
3.579
33951.65,33877.53,38144.20,38230.77
6.860
10.897
1.947
4.910
27.844
3.540
10.414
4.528
3.582
33831.79,33738.42,37993.52,38160.35
6.866
10.906
1.962
4.908
27.927
3.550
10.413
4.485
3.575
33825.93,33742.02,37935.74,38140.68
6.884
10.883
1.950
4.910
27.983
3.514
10.442
4.520
3.574
33922.54,33834.91,38150.34,38314.53
6.821
10.883
1.942
4.918
28.001
3.571
10.397
4.460
3.587
33889.62,33824.88,38090.24,38236.12
6.900
10.898
1.969
4.919
27.943
3.546
10.402
4.470
3.604
33829.80,33733.99,37979.10,38131.95
6.850
10.873
1.955
4.911
28.061
3.544
10.413
4.596
3.580
34000.80,33900.49,38136.00,38238.13
6.861
10.936
1.948
4.905
28.135
3.550
10.396
4.613
3.595
33795.10,33735.73,37935.67,38173.99
6.824
10.962
1.965
4.924
27.999
3.570
10.417
4.544
3.626
33817.20,33736.85,37954.47,38055.03
6.839
10.895
1.943
4.920
27.899
3.613
10.411
4.534
3.589
33873.11,33802.90,38075.44,38101.08
6.864
10.952
1.945
4.912
28.041
3.547
10.409
4.474
3.582
33823.86,33745.03,37939.89,38127.04
6.857
10.892
1.954
4.909
27.865
3.569
10.439
4.469
3.584
33968.91,33861.02,38130.47,38345.91
6.823
10.923
1.965
4.903
27.836
3.557
10.441
4.497
3.596
33955.18,33848.65,38070.38,38276.18
6.860
10.889
1.952
4.901
27.816
3.521
10.427
4.518
3.586
33637.68,33595.19,37788.62,37996.31
6.849
10.889
1.943
4.904
27.790
3.529
10.439
4.492
3.590
33944.33,33863.45,38130.60,38182.17
6.815
10.961
1.944
4.913
27.922
3.511
10.424
4.450
3.605
33894.11,33802.55,38039.86,38123.29
6.887
10.860
1.965
4.908
27.896
3.539
10.410
4.459
3.600
33875.74,33797.31,38023.95,38164.24
6.901
10.870
1.950
4.909
28.057
3.563
10.384
4.479
3.590
33832.64,33751.44,37937.29,38100.71
6.886
10.870
1.953
4.930
27.966
3.573
10.416
4.537
3.564
33848.53,33770.25,38057.85,38147.99
6.839
11.000
1.963
4.900
27.994
3.618
10.417
4.471
3.598
33859.43,33766.90,38009.40,38179.46
6.830
10.870
1.973
4.912
27.895
3.527
10.450
4.516
3.579
33871.91,33796.74,38014.39,38055.75
6.845
10.885
1.967
4.908
27.856
3.561
10.406
4.490
3.580
33827.16,33740.15,38022.45,38033.42
6.867
10.877
1.951
4.918
27.925
3.526
10.407
4.504
3.574
33957.68,33845.50,38139.34,38239.15
6.862
11.034
1.948
4.897
27.870
3.554
10.474
4.492
3.592
33896.75,33795.13,38059.95,38236.34
6.862
10.885
1.943
4.897
28.043
3.564
10.389
4.530
3.590
33816.55,33745.74,37922.18,38025.49
6.857
10.900
1.972
4.895
27.847
3.535
10.395
4.494
3.570
33898.95,33814.15,38096.46,38254.30
6.835
10.929
1.940
4.902
28.016
3.513
10.411
4.623
3.573
33889.22,33785.37,38061.68,38153.75
6.867
10.913
1.950
4.916
27.869
3.546
10.434
4.555
3.579
33998.13,33899.10,38192.32,38245.33
6.866
10.874
1.963
4.914
28.049
3.641
10.408
4.455
3.594
33780.35,33682.81,37882.87,38101.26
6.839
10.901
1.952
4.904
28.038
3.540
10.428
4.513
3.585
33931.75,33864.37,38119.67,38247.42
6.848
10.962
1.946
4.937
28.025
3.545
10.413
4.502
3.579
33987.53,33889.14,38162.71,38256.36
6.824
10.943
1.943
4.910
27.909
3.513
10.410
4.530
3.590
33907.48,33808.95,38020.22,38163.87
6.880
10.892
1.944
4.908
27.917
3.524
10.443
4.486
3.600
33870.93,33809.53,38012.32,38153.51
6.834
10.905
1.972
4.897
27.968
3.564
10.405
4.488
3.576
33886.09,33792.81,38049.22,38170.79
6.873
10.884
1.982
4.917
27.966
3.534
10.430
4.514
3.599
33859.15,33758.40,38031.18,38191.66
6.877
10.882
1.940
4.925
27.827
3.507
10.412
4.509
3.568
33915.19,33830.67,38091.66,38199.32
6.831
10.913
1.945
4.915
27.882
3.552
10.412
4.524
3.568
33799.67,33709.48,37950.55,38110.81
6.843
10.914
1.961
4.914
27.915
3.563
10.428
4.479
3.589
33895.40,33790.22,38043.76,38229.41
6.858
10.905
1.945
4.923
28.015
3.535
10.414
4.529
3.603
33885.86,33791.98,37984.86,38157.47
6.860
10.943
1.944
4.913
27.972
3.576
10.409
4.522
3.604
33961.24,33850.75,38133.13,38206.85
6.826
10.845
1.945
4.908
27.855
3.572
10.424
4.499
3.606
33736.87,33665.48,37851.05,38098.60
6.875
10.873
1.943
4.918
28.038
3.516
10.432
4.527
3.584
33813.22,33740.18,37946.61,38141.04
6.867
10.885
1.947
4.927
27.966
3.515
10.432
4.548
3.583
33885.13,33780.49,38043.91,38234.04
6.808
10.867
1.945
4.917
27.855
3.522
10.392
4.477
3.577
33944.17,33857.42,38070.89,38193.37
6.893
11.021
1.974
4.905
27.807
3.566
10.409
4.497
3.597
33883.44,33780.04,38076.83,38195.34
6.807
10.958
1.947
4.933
27.904
3.535
10.394
4.466
3.601
33977.99,33865.08,38121.04,38273.99
6.855
10.904
1.974
4.905
27.846
3.561
10.396
4.573
3.577
33848.83,33772.35,37993.08,38074.91
6.871
10.977
1.949
4.899
27.784
3.556
10.389
4.518
3.578
33848.14,33736.60,38006.58,38167.67
6.849
10.881
1.949
4.911
27.860
3.543
10.445
4.496
3.588
33823.91,33727.77,37959.49,38034.95
6.866
10.940
1.980
4.920
27.925
3.504
10.386
4.451
3.585
33877.84,33805.25,38021.13,38202.53
6.862
10.894
1.950
4.913
27.844
3.550
10.446
4.497
3.597
33735.56,33662.82,37832.92,38125.85
6.901
10.890
1.942
4.917
27.930
3.621
10.394
4.446
3.593
33872.95,33785.68,38007.65,38199.94
6.860
10.931
1.944
4.918
27.977
3.546
10.414
4.505
3.592
33943.03,33846.44,38140.95,38228.27
6.871
10.860
1.945
4.919
27.830
3.553
10.395
4.509
3.573
33853.73,33775.19,38001.23,38148.86
6.848
10.929
1.953
4.920
27.915
3.530
10.418
4.561
3.581
33733.57,33650.75,37879.31,37919.05
6.884
10.901
1.942
4.899
27.943
3.556
10.400
4.466
3.583
33761.76,33696.09,37936.68,37976.26
6.918
10.960
1.949
4.926
27.843
3.536
10.423
4.508
3.613
33956.87,33885.27,38155.44,38186.56
6.850
10.903
1.945
4.915
27.918
3.528
10.442
4.500
3.581
33889.95,33801.28,38057.56,38198.94
6.856
10.849
1.957
4.893
27.944
3.545
10.416
4.482
3.606
33819.98,33729.17,37907.44,38171.06
6.837
10.918
1.943
4.908
27.841
3.521
10.404
4.552
3.577
33927.03,33850.52,38089.58,38285.24
6.874
10.866
1.945
4.910
27.949
3.544
10.384
4.485
3.579
33926.62,33821.44,38071.60,38144.21
6.833
10.919
1.952
4.908
28.025
3.541
10.389
4.551
3.597
33920.61,33825.77,38091.25,38219.28
6.870
10.950
1.990
4.924
27.793
3.571
10.427
4.476
3.596
33812.92,33712.68,37943.96,38213.77
6.883
10.855
1.945
4.921
27.903
3.552
10.411
4.527
3.596
33807.92,33738.43,37999.84,38078.39
6.867
10.894
1.942
4.902
27.910
3.551
10.386
4.502
3.583
33997.36,33903.50,38186.11,38347.00
6.887
10.852
1.971
4.917
27.858
3.520
10.436
4.525
3.579
33859.38,33781.05,37979.81,38250.28
6.826
10.900
1.942
4.916
28.066
3.562
10.422
4.492
3.559
33886.19,33792.14,38056.45,38195.92
6.845
10.900
1.967
4.909
27.829
3.526
10.439
4.455
3.580
33854.65,33791.92,38042.73,38184.27
6.835
10.923
1.945
4.897
27.990
3.530
10.419
4.496
3.579
33852.29,33767.40,37991.68,38241.25
6.845
10.879
1.960
4.920
28.064
3.552
10.425
4.517
3.622
33916.10,33805.57,38071.76,38186.34
6.891
10.951
1.971
4.911
27.920
3.528
10.375
4.441
3.589
33779.44,33713.07,37944.10,38067.49
6.878
10.904
1.968
4.914
27.903
3.560
10.406
4.521
3.564
33904.29,33841.14,38043.65,38260.15
6.854
10.913
1.969
4.912
27.857
3.543
10.391
4.474
3.578
33754.85,33686.28,37912.57,37929.51
6.839
10.907
1.946
4.926
27.911
3.533
10.436
4.551
3.596
33820.83,33741.47,37992.98,38090.98
6.856
10.916
1.953
4.907
27.945
3.545
10.414
4.514
3.590
33896.99,33796.78,38080.28,38181.05
6.848
10.909
1.942
4.918
27.980
3.552
10.441
4.484
3.585
33968.23,33875.10,38135.68,38238.34
6.858
10.957
1.940
4.902
27.945
3.514
10.432
4.464
3.565
33817.18,33732.34,37960.24,38188.98
6.837
10.883
1.972
4.915
28.000
3.527
10.402
4.540
3.596
33797.84,33712.53,37899.64,38145.25
6.834
10.886
1.981
4.907
27.935
3.540
10.391
4.471
3.576
33954.25,33841.26,38099.16,38242.64
6.834
10.924
1.947
4.907
27.878
3.513
10.421
4.506
3.595
33944.02,33856.55,38105.09,38228.56
6.867
10.852
1.941
4.904
28.024
3.557
10.406
4.457
3.595
34033.86,33926.93,38237.96,38344.96
6.851
10.881
1.946
4.902
27.892
3.539
10.412
4.497
3.601
33743.85,33681.92,37872.53,37993.26
6.868
10.931
1.980
4.905
27.832
3.637
10.430
4.482
3.608
33870.78,33796.96,38023.13,38078.09
6.814
10.888
1.940
4.918
27.921
3.542
10.424
4.524
3.578
33906.30,33800.33,38027.88,38185.34
6.843
10.990
1.944
4.915
27.895
3.567
10.411
4.456
3.591
33958.00,33863.54,38124.30,38154.90
6.864
10.915
1.941
4.907
27.949
3.580
10.401
4.491
3.603
33787.18,33717.60,37951.77,38093.85
6.876
10.898
1.946
4.911
27.954
3.515
10.414
4.474
3.591
34042.70,33927.67,38243.26,38354.27
6.836
10.896
1.969
4.903
27.793
3.535
10.414
4.526
3.586
33950.93,33855.71,38111.31,38227.99
6.833
10.884
1.943
4.894
27.988
3.508
10.416
4.506
3.568
33878.50,33808.75,38070.46,38160.10
6.830
10.899
1.969
4.911
27.891
3.551
10.417
4.447
3.593
33834.51,33748.22,38006.97,38140.24
6.839
10.886
1.951
4.904
27.986
3.552
10.409
4.426
3.583
33830.80,33735.41,37974.32,38214.67
6.865
10.888
1.947
4.917
27.862
3.552
10.426
4.509
3.610
33949.45,33845.33,38115.01,38258.43
6.864
10.931
1.942
4.911
27.837
3.561
10.399
4.540
3.576
33890.15,33807.14,38067.42,38191.17
6.861
10.917
1.941
4.916
27.865
3.552
10.418
4.499
3.581
33859.16,33766.33,38032.54,38108.98
6.843
10.877
1.940
4.900
27.781
3.564
10.435
4.504
3.583
33880.16,33773.28,38019.50,38252.45
6.862
10.879
1.944
4.913
27.962
3.549
10.410
4.467
3.586
33765.46,33688.58,37839.84,38063.82
6.838
10.914
1.971
4.913
28.025
3.539
10.411
4.467
3.584
33895.65,33818.66,38057.67,38214.52
6.858
10.920
1.957
4.920
27.930
3.576
10.409
4.521
3.592
33690.08,33649.31,37873.53,38004.31
6.857
11.229
1.953
4.906
27.933
3.611
10.371
4.478
3.566
33873.32,33793.46,37973.12,38273.17
6.841
10.919
1.962
4.921
28.112
3.549
10.425
4.497
3.582
33827.76,33730.72,38002.54,38034.38
6.870
10.897
1.943
4.919
27.885
3.547
10.390
4.506
3.580
33651.64,33598.88,37778.34,37997.54
6.835
11.001
1.964
4.910
27.890
3.565
10.427
4.476
3.602
33877.34,33773.86,38019.04,38199.33
6.844
10.956
1.963
4.912
27.988
3.554
10.428
4.495
3.606
34005.52,33905.54,38157.43,38235.85
6.828
11.024
1.948
4.906
27.846
3.536
10.400
4.473
3.571
33948.84,33858.81,38108.64,38194.25
6.860
10.897
1.941
4.902
27.956
3.547
10.394
4.465
3.579
33855.79,33811.25,38076.25,38048.47
6.850
10.886
1.941
5.044
27.794
3.526
10.410
4.474
3.587
33916.77,33809.41,38083.38,38201.40
6.829
10.875
1.942
4.911
28.025
3.529
10.426
4.424
3.599
33813.35,33721.39,37973.89,38097.33
6.870
10.859
1.941
4.909
27.811
3.578
10.413
4.472
3.582
33906.27,33815.84,38032.12,38243.45
6.880
10.858
1.964
4.898
27.958
3.549
10.420
4.531
3.575
34010.25,33923.09,38185.65,38268.96
6.820
10.907
1.944
4.910
27.858
3.565
10.396
4.486
3.596
33910.47,33813.89,38035.76,38160.02
6.844
10.874
1.947
4.901
27.823
3.552
10.414
4.444
3.561
33887.68,33828.46,38091.63,38211.86
6.860
10.878
1.939
4.914
28.029
3.556
10.424
4.497
3.595
32763.43,32688.17,37098.34,37297.21
6.859
10.920
1.973
4.908
27.944
3.532
10.409
4.485
3.601
33915.08,33842.59,38062.20,38329.31
6.858
10.989
1.941
4.910
27.976
3.543
10.396
4.512
3.581
33854.92,33770.54,38010.67,38015.95
6.861
10.896
1.942
4.899
27.978
3.542
10.436
4.489
3.576
33841.52,33759.62,38000.87,38170.28
6.858
10.912
1.940
4.905
28.031
3.537
10.393
4.453
3.595
33813.44,33713.11,37959.31,38102.93
6.870
10.859
1.942
4.902
27.967
3.563
10.410
4.430
3.597
33825.83,33729.94,37964.18,38154.88
6.845
10.949
1.970
4.922
27.848
3.593
10.426
4.497
3.581
33903.80,33801.75,38035.72,38133.91
6.824
10.961
1.943
4.920
27.842
3.544
10.374
4.492
3.581
33875.83,33801.71,38020.81,38241.45
6.865
10.919
1.947
4.895
27.898
3.570
10.414
4.486
3.612
33879.75,33805.70,37972.22,38142.38
6.868
10.926
1.981
4.916
27.997
3.556
10.400
4.438
3.590
33836.05,33756.04,37991.54,38109.95
6.843
10.882
1.944
4.907
27.956
3.505
10.413
4.478
3.585
33859.65,33803.31,38058.21,38048.81
6.850
10.910
1.953
4.913
27.979
3.577
10.408
4.511
3.570
33698.72,33609.33,37785.59,37931.66
6.856
10.952
1.947
4.916
27.974
3.545
10.412
4.500
3.594
33992.26,33886.35,38143.99,38229.92
6.842
10.873
1.946
4.926
27.872
3.512
10.413
4.460
3.582
33937.87,33839.64,38097.60,38103.80
6.827
10.949
1.953
4.915
27.925
3.548
10.434
4.502
3.588
33833.82,33760.49,37986.39,38114.02
6.862
10.863
1.944
4.897
27.879
3.561
10.390
4.461
3.595
33909.61,33813.53,38061.69,38044.25
6.806
10.868
1.949
4.921
27.936
3.536
10.412
4.558
3.576
33962.73,33878.12,38151.27,38296.59
6.840
10.882
1.983
4.925
27.940
3.562
10.414
4.483
3.587
33889.08,33808.27,38057.73,38198.27
6.868
10.877
1.942
4.932
27.942
3.522
10.414
4.527
3.609
33687.45,33627.31,37848.29,37990.01
6.877
10.902
1.948
4.913
28.040
3.575
10.411
4.494
3.579
33880.01,33801.57,37999.04,38193.37
6.848
10.900
1.965
4.913
27.895
3.565
10.414
4.473
3.579
33685.99,33626.47,37811.84,38079.35
6.870
10.858
1.948
4.912
28.042
3.542
10.383
4.481
3.585
33815.97,33726.16,37876.71,38199.64
6.855
10.927
1.966
4.913
28.008
3.602
10.437
4.479
3.604
33902.97,33826.67,38056.83,38209.44
6.851
10.912
1.962
4.925
27.837
3.568
10.413
4.514
3.584
33777.21,33708.15,37959.55,38114.11
6.863
10.930
1.942
4.905
27.991
3.561
10.416
4.547
3.577
33955.62,33873.74,38125.18,38165.49
6.840
10.882
1.944
4.911
27.945
3.541
10.406
4.514
3.596
33888.26,33815.92,38051.08,38142.13
6.860
10.941
1.974
4.891
27.845
3.563
10.389
4.445
3.602
33843.41,33763.24,37975.33,38001.13
6.842
10.882
1.946
4.908
27.869
3.554
10.440
4.546
3.575
33953.85,33851.97,38118.97,38239.72
6.882
10.892
1.942
4.923
28.025
3.548
10.403
4.525
3.576
33762.26,33679.86,37887.08,38076.07
6.887
10.915
1.963
4.912
27.976
3.549
10.402
4.533
3.593
33718.06,33628.01,37780.56,38001.54
6.856
10.868
1.945
4.902
27.873
3.532
10.438
4.458
3.579
33791.70,33716.39,37928.56,38116.92
6.841
10.883
1.961
4.892
27.865
3.586
10.406
4.466
3.580
33825.91,33738.10,37955.97,38183.30
6.832
10.890
1.943
4.916
28.008
3.615
10.430
4.453
3.591
33890.16,33801.45,38062.68,38212.12
6.841
10.885
1.966
4.926
27.883
3.585
10.414
4.450
3.572
33870.60,33789.05,38043.84,38188.61
6.851
10.957
1.939
4.919
27.766
3.530
10.422
4.531
3.586
33672.62,33638.01,37797.36,38095.09
6.887
10.882
1.964
4.907
27.860
3.529
10.411
4.498
3.580
33842.16,33775.07,38038.09,38103.03
6.866
10.911
1.941
4.906
27.820
3.561
10.419
4.508
3.576
33835.14,33767.41,37990.07,38169.71
6.880
10.885
1.941
4.908
27.901
3.562
10.417
4.504
3.579
33848.88,33782.83,38042.67,38153.92
6.840
10.870
1.941
4.903
27.960
3.546
10.400
4.557
3.593
33821.60,33767.33,38016.39,38113.40
6.833
10.916
1.968
4.921
27.830
3.561
10.410
4.579
3.591
33888.20,33817.50,38096.21,38179.61
6.896
10.961
1.942
4.906
28.007
3.552
10.426
4.494
3.576
33877.38,33789.55,38024.36,38143.54
6.870
10.876
1.948
4.906
27.917
3.539
10.394
4.486
3.611
33854.76,33776.88,38000.58,38160.44
6.855
10.949
1.971
4.902
28.002
3.546
10.421
4.469
3.578
33683.88,33629.99,37811.93,37861.91
6.870
10.862
1.946
4.896
27.941
3.559
10.416
4.517
3.582
33893.42,33802.47,38049.72,38211.99
6.857
10.880
1.953
4.912
27.890
3.540
10.414
4.435
3.583
33866.20,33773.87,38029.60,38136.75
6.876
10.873
1.946
4.919
27.980
3.550
10.410
4.485
3.578
33841.30,33730.55,37976.09,38246.81
6.820
10.892
1.942
4.916
27.935
3.555
10.414
4.473
3.582
33936.23,33850.58,38125.14,38266.44
6.869
10.922
1.944
4.910
28.081
3.523
10.375
4.498
3.580
33889.30,33809.45,38049.87,38210.93
6.872
10.918
1.966
4.925
28.045
3.515
10.430
4.549
3.595
33781.94,33692.33,37938.68,38041.59
6.840
10.896
1.940
4.900
28.042
3.540
10.391
4.485
3.583
33942.69,33835.62,38125.61,38233.46
6.850
10.968
1.946
4.913
27.917
3.555
10.409
4.478
3.590
33943.87,33849.88,38137.57,38180.86
6.829
10.891
1.958
4.919
27.936
3.525
10.415
4.514
3.593
33858.48,33754.29,37983.90,38184.39
6.852
10.909
1.962
4.892
27.858
3.541
10.374
4.501
3.583
33941.28,33828.05,38116.61,38278.75
6.847
10.919
1.966
4.912
27.880
3.541
10.406
4.487
3.599
33942.96,33847.92,38085.40,38187.80
6.872
10.915
1.941
4.919
27.804
3.552
10.432
4.463
3.585
33829.40,33713.50,37943.72,38111.46
6.859
10.867
1.959
4.919
27.930
3.540
10.413
4.529
3.578
33598.39,33533.70,37754.28,37977.30
6.824
10.962
1.941
4.910
28.044
3.556
10.417
4.458
3.576
33904.58,33803.98,37994.00,38147.85
6.824
10.874
1.967
4.904
28.088
3.527
10.400
4.453
3.630
33688.58,33644.38,37795.93,38041.96
6.866
10.907
1.975
4.904
27.850
3.579
10.434
4.488
3.590
33779.26,33710.22,37951.08,38180.30
6.850
10.875
1.943
4.914
27.943
3.544
10.400
4.571
3.596
33918.03,33834.28,38087.79,38277.29
6.868
10.897
1.945
4.920
27.832
3.552
10.419
4.465
3.583
33846.15,33754.00,37988.75,38205.06
6.867
10.976
1.949
4.905
28.068
3.569
10.432
4.575
3.606
33754.54,33653.14,37855.65,38054.03
6.877
10.911
1.943
4.903
27.889
3.545
10.392
4.564
3.591
33812.71,33736.85,37959.62,38109.48
6.840
10.891
1.942
4.922
28.053
3.560
10.453
4.491
3.588
33994.90,33883.20,38177.06,38326.51
6.847
10.892
1.944
4.928
27.906
3.532
10.423
4.425
3.574
33940.14,33857.13,38132.37,38237.81
6.884
10.920
1.943
4.916
27.966
3.531
10.409
5.100
3.587
33963.16,33859.10,38136.08,38301.03
6.873
10.901
1.982
4.922
27.844
3.628
10.411
4.489
3.599
33913.09,33829.96,38103.13,38275.55
6.886
10.876
1.945
4.892
27.902
3.534
10.403
4.462
3.579
33914.69,33831.66,38100.60,38139.94
6.835
10.896
1.960
4.912
27.920
3.545
10.398
4.455
3.591
33881.48,33796.77,38043.05,38187.43
6.877
10.867
1.975
4.909
27.990
3.533
10.403
4.470
3.614
33924.61,33815.29,38091.80,38302.34
6.858
10.896
1.942
4.928
28.029
3.576
10.416
4.465
3.578
33798.99,33741.14,37962.63,38078.36
6.819
10.863
1.942
4.902
27.957
3.555
10.407
4.436
3.585
33902.23,33805.43,38081.66,38110.14
6.893
10.883
1.938
4.901
27.931
3.555
10.428
4.491
3.586
33687.98,33643.70,37854.37,38021.56
6.844
10.934
1.943
4.900
27.910
3.533
10.396
4.513
3.575
33929.78,33829.99,38083.04,38218.26
6.851
10.946
1.949
4.923
28.000
3.541
10.442
4.489
3.588
33831.17,33730.44,37936.72,38069.00
6.873
10.877
1.968
4.904
27.987
3.551
10.427
4.472
3.578
33889.84,33825.44,38102.10,38093.07
6.848
10.914
1.946
4.916
27.945
3.546
10.414
4.517
3.578
33754.31,33697.93,37926.96,38006.12
6.852
10.875
1.950
4.919
27.925
3.582
10.405
4.507
3.568
33847.37,33762.26,37937.65,38080.69
6.837
11.007
1.981
4.914
27.997
3.559
10.399
4.484
3.595
33808.55,33709.39,37931.17,38024.23
6.829
10.912
1.943
4.903
27.941
3.585
10.397
4.453
3.578
33912.25,33831.95,38087.21,38164.07
6.902
10.978
1.958
4.913
27.897
3.538
10.445
4.494
3.572
33855.29,33796.48,38025.98,38232.63
6.834
10.882
1.966
4.911
27.887
3.569
10.427
4.493
3.595
33692.89,33619.50,37804.84,37943.91
6.838
10.878
1.943
4.908
28.024
3.541
10.409
4.526
3.603
33958.59,33871.45,38105.21,38320.78
6.848
10.937
1.942
4.916
28.067
3.542
10.424
4.506
3.581
33890.52,33805.86,38046.83,38095.52
6.821
10.905
1.944
4.898
28.067
3.524
10.420
4.534
3.581
33858.04,33792.71,38039.15,38159.26
6.823
10.890
1.953
4.904
27.914
3.505
10.410
4.474
3.578
33700.10,33629.97,37829.76,37977.85
6.838
10.891
1.943
4.901
27.919
3.551
10.434
4.513
3.607
33740.30,33651.42,37880.32,37997.23
6.892
10.899
1.948
4.915
27.884
3.533
10.440
4.541
3.585
33843.82,33772.22,38027.75,38124.34
6.850
10.907
1.985
4.897
28.054
3.585
10.429
4.486
3.596
33920.03,33809.44,38069.45,38236.85
6.889
10.902
1.944
4.915
27.866
3.531
10.419
4.495
3.595
33930.25,33827.84,38083.20,38270.53
6.857
10.882
1.942
4.908
27.901
3.558
10.411
4.516
3.567
33822.38,33733.83,37971.11,38154.14
6.898
10.860
1.947
4.920
27.718
3.533
10.401
4.449
3.582
33994.63,33897.32,38139.70,38292.64
6.897
10.868
1.942
4.919
27.829
3.565
10.427
4.486
3.606
33833.14,33732.23,37955.94,38150.65
6.868
10.872
1.942
4.905
27.871
3.555
10.413
4.482
3.595
33702.60,33647.65,37838.89,38091.41
6.857
10.923
1.946
4.916
27.925
3.575
10.414
4.486
3.577
33804.84,33728.22,37934.73,38077.56
6.839
10.868
1.940
4.925
28.054
3.569
10.431
4.503
3.581
33936.54,33845.93,38093.16,38268.45
6.867
10.938
1.967
4.899
27.742
3.545
10.430
4.478
3.584
33900.00,33828.27,38072.37,38212.24
6.834
10.870
1.938
4.914
28.045
3.519
10.410
4.486
3.596
33940.00,33821.77,38090.51,38159.37
6.887
10.887
1.944
4.931
27.993
3.543
10.411
4.524
3.584
34000.77,33892.48,38121.94,38250.48
6.856
10.902
1.942
4.918
27.798
3.572
10.424
4.493
3.583
33866.64,33791.50,38052.37,38185.71
6.827
10.884
1.941
4.910
27.852
3.550
10.398
4.497
3.599
33819.94,33745.35,37977.67,38029.72
6.845
10.971
1.964
4.903
27.864
3.567
10.421
4.452
3.581
33854.01,33779.10,38027.10,38070.28
6.823
10.881
1.975
4.917
27.884
3.580
10.403
4.511
3.601
34022.01,33920.87,38173.10,38178.26
6.883
10.923
1.960
4.921
28.034
3.568
10.416
4.426
3.609
33921.70,33840.73,38035.67,38179.79
6.846
10.917
1.950
4.910
27.898
3.563
10.379
4.509
3.581
33769.81,33691.41,37864.28,38080.41
6.871
10.847
1.983
4.910
28.035
3.563
10.411
4.500
3.586
33852.79,33755.56,37984.22,38170.05
6.855
10.929
1.944
4.929
28.005
3.572
10.418
4.461
3.587
33847.92,33769.80,38000.62,38181.58
6.844
10.987
1.967
4.910
28.053
3.543
10.421
4.505
3.583
33844.09,33745.55,37983.24,38188.90
6.882
10.998
1.966
4.904
27.823
3.540
10.410
4.501
3.583
34016.60,33917.88,38185.85,38282.69
6.847
10.909
1.953
4.916
27.814
3.540
10.413
4.514
3.596
33882.10,33785.20,38057.86,38203.66
6.873
10.861
1.958
4.922
27.865
3.562
10.403
4.525
3.602
33913.55,33825.87,38097.17,38220.51
6.845
10.937
1.982
4.917
27.940
3.554
10.397
4.499
3.580
33831.26,33745.76,37956.58,38131.00
6.839
10.867
1.943
4.909
27.942
3.569
10.429
4.468
3.599
33849.51,33780.74,38011.43,38133.57
6.867
10.924
1.946
4.894
27.887
3.584
10.376
4.510
3.623
33902.89,33832.18,38070.07,38221.76
6.861
10.958
1.947
4.917
27.876
3.569
10.410
4.570
3.602
33769.74,33677.92,37954.66,38085.02
6.856
10.857
1.944
4.931
27.910
3.519
10.426
4.496
3.588
33869.54,33787.37,38056.06,38127.89
6.847
10.858
1.952
4.904
27.992
3.546
10.404
4.502
3.594
33881.71,33787.00,38069.33,38230.70
6.834
10.903
1.971
4.921
27.915
3.627
10.419
4.517
3.615
33894.59,33807.44,38053.24,38274.09
6.846
10.889
1.963
4.894
27.941
3.546
10.423
4.510
3.615
33826.28,33774.49,37939.89,38080.06
1.982
27.895
4.918
3.537
10.418
10.919
6.808
3.593
4.485
3.561
27.888
6.874
1.949
3.595
4.926
10.416
10.979
33826.04,33728.64,37973.49,38052.66
4.468
3.604
10.868
1.941
33915.72,33845.33,38068.67,38247.14
6.883
27.930
10.431
3.544
4.540
4.912
27.962
3.576
10.417
3.585
10.937
6.850
1.942
33688.79,33621.93,37819.63,37968.78
4.500
4.909
10.878
1.971
33834.26,33724.20,37974.32,38154.02
3.593
3.529
6.854
4.916
4.530
27.813
10.360
1.942
4.442
10.382
27.975
3.610
4.917
10.972
3.566
33662.62,33555.08,37807.49,37886.00
6.826
10.499
6.855
11.463
4.492
3.543
3.588
1.955
4.944
28.074
33081.22,33008.34,37312.34,37452.50
1.970
6.835
10.422
3.580
33636.14,33569.24,37830.60,37914.82
27.946
3.575
4.929
4.464
10.878
27.804
3.584
4.449
3.580
10.906
10.380
1.968
33680.05,33627.10,37834.19,38039.11
4.919
6.872
3.597
4.900
33720.42,33624.89,37884.28,38020.53
3.576
6.904
10.443
2.133
4.633
11.086
27.855
6.828
3.555
4.920
10.854
33594.91,33496.43,37673.03,37926.58
1.944
10.436
4.453
28.065
3.585
10.866
3.554
3.573
33846.27,33750.22,38005.97,38045.41
4.459
4.914
10.434
6.866
27.997
1.943
4.518
3.564
33800.00,33694.14,37926.65,38126.35
27.786
4.905
10.420
3.524
1.941
6.874
10.883
3.568
4.901
6.841
33754.87,33666.71,37883.27,38134.90
3.588
10.920
27.837
10.441
1.941
4.519
10.894
10.401
6.887
3.575
4.550
4.911
3.554
33727.62,33645.67,37905.30,38062.71
1.978
27.848
1.941
4.904
3.579
33641.23,33568.68,37795.00,37939.94
3.547
4.508
10.967
10.408
6.834
28.026
27.927
3.557
33841.46,33744.06,37970.51,38116.86
4.429
4.904
1.965
6.821
10.934
3.585
10.428
27.981
10.420
3.577
1.944
4.909
4.470
6.844
10.951
3.568
33682.42,33607.33,37894.88,37978.16
6.848
3.560
4.522
10.886
27.957
10.414
1.939
3.573
4.909
33746.85,33673.10,37946.22,38107.30
27.973
10.917
4.509
10.370
33797.48,33698.58,37975.57,38021.01
3.581
3.573
1.966
4.922
6.836
4.472
3.578
4.918
27.817
11.304
10.421
6.836
33698.05,33622.67,37875.94,38015.15
1.983
3.593
1.948
10.373
10.919
3.575
4.907
33781.00,33697.52,37966.88,38121.91
6.863
4.528
3.569
27.830
1.943
33793.55,33680.86,37874.16,38140.36
3.546
4.897
3.582
10.411
6.819
10.898
27.789
4.570
4.922
10.932
3.552
10.448
4.433
33864.41,33783.85,38045.41,38090.83
3.574
1.941
28.084
6.864
10.903
4.910
3.554
4.488
27.968
6.845
33588.17,33518.29,37704.94,37819.96
10.398
1.940
3.582
1.944
10.854
10.439
3.635
6.861
4.909
4.519
33761.79,33679.82,37902.95,38052.90
3.604
27.939
4.914
3.585
10.891
33649.06,33563.10,37848.40,38034.20
3.544
10.427
28.065
6.829
4.545
1.944
3.638
10.401
1.937
6.853
33724.13,33642.46,37842.34,38072.64
10.936
3.571
4.917
27.942
4.473
3.586
4.483
10.903
1.950
6.864
27.824
3.539
33780.95,33693.94,37947.79,38112.94
10.444
4.919
3.591
6.839
4.899
1.940
3.558
10.400
33745.64,33654.41,37946.30,38060.04
10.904
4.505
27.813
6.828
3.506
33862.40,33784.93,38038.03,38142.60
4.901
4.480
1.941
10.429
27.832
3.591
10.927
4.488
27.808
33821.46,33732.38,37967.45,38104.41
10.909
6.830
4.912
3.591
10.440
3.601
1.940
4.925
1.971
3.600
6.859
27.924
3.549
10.407
4.508
10.913
33709.21,33631.80,37844.97,38046.39
3.596
3.520
4.911
1.968
4.527
10.423
6.856
33639.81,33570.37,37809.64,37960.21
10.879
27.845
33841.01,33739.97,37992.04,38111.68
27.999
4.901
10.415
6.866
3.565
10.871
4.466
3.580
1.969
3.606
4.904
27.901
33752.96,33667.82,37895.83,37954.86
1.941
10.947
10.459
3.573
6.861
4.480
3.600
4.416
10.415
1.942
6.828
4.921
33602.45,33522.40,37736.72,37845.76
10.952
27.861
3.541
3.545
10.411
3.599
10.896
4.535
33755.25,33673.09,37902.00,38041.60
4.908
27.933
6.875
1.949
6.850
10.867
10.380
3.586
27.844
33828.35,33736.12,37961.73,38094.45
1.973
3.553
4.921
4.505
27.887
10.409
4.506
33807.58,33725.06,37986.78,38126.02
3.582
6.802
10.860
1.963
4.908
3.602
4.917
33819.31,33749.06,37995.15,37958.80
4.470
1.949
6.864
10.971
3.585
10.449
27.876
3.554
3.595
33820.47,33751.16,37979.79,38042.67
27.907
3.578
4.898
10.901
6.859
4.460
10.418
1.964
4.451
6.843
1.949
10.929
3.629
4.905
27.893
3.590
33798.84,33712.19,37959.65,38096.22
10.420
27.908
6.883
3.581
1.940
4.504
10.889
10.386
3.544
33569.26,33496.55,37717.84,37883.59
4.901
1.942
27.980
6.871
10.387
33704.56,33628.91,37909.95,38017.94
3.548
4.908
4.467
10.916
3.600
1.969
6.807
33818.68,33735.91,37909.04,38136.59
4.599
4.906
3.599
10.998
10.417
27.910
3.528
10.405
27.900
1.941
3.589
33559.52,33489.35,37657.96,37827.28
4.539
6.847
4.924
10.977
3.579
3.614
27.805
10.911
10.420
4.895
33660.50,33582.39,37779.72,37926.33
3.556
4.538
6.849
1.942
3.585
3.522
1.939
4.458
27.925
33734.96,33657.22,37899.55,38064.21
10.402
4.911
10.958
6.848
4.505
10.887
6.884
28.045
3.543
4.915
1.950
33767.24,33688.12,37906.22,38026.40
10.412
3.583
3.568
4.464
6.822
4.908
10.852
1.947
27.937
10.382
3.590
33659.94,33589.43,37809.15,37966.70
33940.01,33841.50,38110.63,38220.44
4.478
6.866
4.907
3.577
10.916
1.974
10.409
27.889
3.591
1.954
33897.00,33821.23,38079.13,38216.52
4.903
10.974
27.911
4.534
6.829
10.447
3.614
3.583
32686.61,32599.65,37025.35,37204.67
27.858
1.947
4.476
4.923
3.543
10.435
3.600
6.844
10.961
4.899
10.915
4.545
6.870
3.596
27.880
3.577
33787.01,33707.54,37939.72,38103.59
1.951
10.412
1.941
33686.64,33632.34,37842.68,37885.73
4.911
10.460
6.827
27.774
4.497
3.580
10.926
3.570
10.895
10.409
6.848
1.948
33847.28,33768.12,38000.62,37979.56
4.508
3.613
28.025
3.535
4.916
10.424
10.852
1.942
4.489
4.914
27.877
6.840
33649.06,33623.25,37830.95,37867.21
3.560
3.567
10.390
27.925
3.572
4.910
3.583
33684.57,33609.21,37856.76,37974.09
6.824
1.947
10.901
4.439
10.864
27.995
4.487
10.412
4.905
33787.96,33703.79,38008.11,38087.91
6.914
3.604
2.010
3.555
3.611
10.376
4.474
10.930
1.944
4.920
6.876
33862.07,33766.16,38026.98,38141.81
3.546
27.821
4.904
3.590
6.811
1.948
4.509
3.575
27.821
33817.46,33752.18,37951.28,38084.36
10.876
10.435
33980.87,33869.29,38116.26,38257.50
4.913
27.983
6.866
10.882
4.513
1.941
3.602
3.589
10.402
6.825
4.913
10.882
33658.87,33587.52,37799.79,38037.30
1.949
3.600
3.530
27.936
4.478
10.446
3.549
10.398
4.908
4.479
10.911
33713.95,33624.79,37871.49,38049.44
3.592
1.963
6.879
27.857
1.949
6.835
10.381
33660.77,33577.48,37814.27,37965.81
3.563
27.919
4.910
10.902
4.536
3.586
6.874
10.429
10.908
27.797
4.531
1.962
4.909
33777.51,33692.13,37932.16,38079.32
3.548
3.588
6.852
3.557
33786.52,33689.48,37862.57,38077.66
10.422
4.534
27.847
4.915
10.925
3.575
1.947
4.486
33879.09,33776.75,38036.69,38197.53
3.587
3.558
10.438
4.913
27.894
10.881
1.939
6.842
3.535
27.889
10.393
10.914
3.573
4.905
6.839
33720.25,33639.77,37920.30,37974.12
4.481
1.942
34077.66,33994.17,38260.92,38358.18
10.890
1.943
3.556
10.435
3.601
28.023
6.812
4.914
4.468
33859.65,33750.32,38018.96,38137.28
1.947
6.857
10.903
4.902
4.550
3.585
27.863
3.539
10.412
4.904
6.856
10.847
1.952
27.804
4.523
3.598
3.583
33748.40,33646.41,37892.67,38028.17
10.443
4.510
3.534
10.904
4.904
10.431
33783.64,33729.11,37914.68,38035.52
28.027
1.980
3.596
6.883
1.973
4.458
4.902
3.544
3.575
10.873
28.096
10.434
6.834
33570.10,33485.13,37675.75,37885.92
10.890
6.821
4.897
3.602
1.970
27.857
33704.66,33625.62,37836.75,37929.09
3.617
4.504
10.427
3.595
3.571
33800.83,33740.79,37973.56,38060.98
6.825
10.896
27.922
4.907
4.507
1.961
10.421
1.941
4.467
27.987
3.543
10.378
4.928
6.854
3.559
10.918
33543.42,33466.70,37710.21,37853.26
33856.45,33757.36,37976.41,38174.67
27.848
3.545
3.587
10.906
4.441
10.393
1.944
6.853
4.909
6.837
27.919
3.584
10.873
4.914
4.489
33765.74,33683.35,37912.78,38054.50
3.584
1.939
10.396
10.393
1.943
6.904
27.837
33626.34,33549.30,37751.85,37947.44
3.512
4.896
4.477
3.584
10.941
3.541
6.860
33666.09,33624.28,37811.21,37912.01
3.569
1.946
10.872
27.986
10.401
4.462
4.913
33788.74,33699.08,37930.92,38155.88
10.437
27.760
6.855
1.976
10.914
3.600
4.933
3.568
4.546
3.600
10.992
33800.17,33725.71,37941.90,38152.67
10.435
4.518
1.940
4.919
6.795
27.926
3.559
1.970
10.879
33806.19,33714.81,37936.45,37971.84
3.536
3.583
27.995
10.427
4.898
6.840
4.478
27.773
4.479
10.411
1.970
6.836
33790.92,33683.79,37946.25,38095.26
3.540
3.584
4.918
10.981
10.392
4.912
33785.66,33705.45,37946.89,38117.71
3.546
3.573
6.807
27.992
4.455
10.843
1.962
1.945
10.862
27.916
3.581
10.425
4.502
4.921
33793.76,33694.75,37962.84,38114.45
3.533
6.871
3.542
6.873
4.474
3.582
27.937
33848.29,33749.53,38013.72,38173.95
4.920
10.446
10.944
1.943
3.595
6.835
10.384
33696.51,33619.01,37851.11,38035.12
10.908
1.943
4.928
3.536
27.872
4.574
27.905
3.583
3.584
6.824
4.911
10.414
10.905
1.941
33878.28,33801.29,38097.12,38147.10
4.482
6.873
3.555
10.390
10.891
4.896
3.584
4.500
27.969
33723.32,33650.88,37844.49,38015.58
1.947
10.870
4.488
27.991
1.972
6.879
4.908
10.383
33788.92,33714.49,37969.88,38114.91
3.597
3.635
33769.12,33692.31,37886.52,38163.31
6.831
3.619
10.449
1.972
28.000
4.906
3.542
4.527
10.896
10.378
3.568
33690.98,33642.71,37864.56,37986.26
4.921
6.855
1.941
10.931
4.497
27.964
3.602
27.965
4.510
3.613
6.835
1.949
3.612
4.916
10.879
10.417
33848.23,33748.22,38019.34,38093.41
3.640
4.918
4.464
1.944
10.436
27.966
6.846
3.588
10.912
33818.60,33737.72,37955.51,38091.70
10.889
33846.98,33767.89,37999.71,38033.88
10.424
3.560
27.848
1.949
4.481
3.588
4.940
6.843
1.938
3.589
3.574
6.902
4.487
10.416
10.925
33816.33,33725.01,37998.93,38120.87
27.978
4.897
10.885
10.403
27.906
33722.39,33639.16,37870.58,38125.63
3.598
1.943
3.542
6.899
4.496
4.924
10.414
4.912
33657.63,33595.59,37838.51,37978.05
6.830
3.576
4.509
3.533
27.877
10.934
1.950
10.409
1.970
28.059
6.846
33867.08,33760.87,38027.69,38140.28
3.570
4.499
10.903
4.912
3.614
3.578
3.577
4.915
1.941
10.423
4.479
33726.72,33629.31,37882.65,37949.25
10.862
28.023
6.847
10.880
3.536
4.473
1.978
10.366
27.875
3.580
33799.19,33708.54,37922.20,38132.27
4.893
6.844
27.958
33741.93,33665.13,37864.67,38034.43
1.943
4.508
6.848
10.415
4.916
3.549
3.592
10.965
6.854
4.483
4.913
27.901
10.399
1.945
3.590
10.889
33782.66,33703.20,37957.72,38122.85
3.559
10.887
33829.38,33737.59,37996.37,38063.29
3.600
6.867
4.900
10.420
4.495
27.972
3.556
1.967
4.916
33775.08,33690.67,37921.81,38081.71
10.899
3.590
3.546
6.863
27.922
1.941
10.407
4.583
3.575
10.968
6.869
4.915
33824.34,33738.09,37979.52,38087.79
10.433
1.963
4.505
3.592
27.860
33926.37,33848.05,38074.61,38198.18
27.821
10.872
4.921
4.475
6.849
3.564
10.446
3.590
1.946
3.587
27.941
10.386
3.592
33749.05,33667.43,37892.37,38000.16
4.923
10.930
4.523
1.942
6.863
4.490
3.571
10.405
10.894
33580.88,33531.67,37694.63,37919.06
4.910
6.822
27.957
1.943
3.593
33825.67,33744.24,37958.30,38114.36
4.914
10.412
4.484
1.946
3.566
10.896
28.004
3.577
6.855
3.627
4.471
33777.55,33710.31,37945.24,38072.79
10.450
3.585
10.910
6.819
1.939
27.963
4.903
10.367
4.488
6.838
3.557
4.918
33716.79,33646.24,37879.99,38096.56
10.913
3.582
1.961
27.911
33918.42,33830.92,38038.57,38175.24
4.533
3.574
1.962
10.445
4.906
3.571
27.846
10.976
6.841
4.914
3.546
1.969
10.914
33733.13,33643.13,37866.58,38084.32
10.460
6.838
27.940
3.591
4.554
33770.25,33705.58,37904.15,38148.02
1.946
3.625
4.899
3.589
10.415
6.834
4.492
10.943
27.908
6.849
10.897
33723.90,33626.19,37832.95,38072.42
4.911
1.945
3.601
10.477
4.483
3.551
27.806
6.836
4.480
4.912
33880.18,33790.10,38049.68,38097.74
10.438
3.581
27.925
10.924
3.565
1.946
1.944
3.571
10.868
4.434
4.906
10.468
27.950
33808.28,33699.82,37969.88,38092.00
6.859
3.608
10.385
10.916
6.865
3.595
4.915
3.539
4.495
33742.49,33651.49,37899.03,38094.22
1.948
27.983
6.850
33824.08,33742.52,37927.68,38110.25
3.558
27.988
3.587
4.912
4.589
10.885
1.984
10.395
10.415
3.544
4.919
6.822
4.497
10.982
3.581
28.033
33718.91,33650.61,37894.60,37995.74
1.945
27.879
33728.19,33627.86,37873.59,37980.26
4.924
6.855
1.966
3.562
10.458
4.582
10.894
3.597
3.616
3.548
33910.22,33814.79,38086.29,38191.53
1.944
4.908
10.431
4.502
10.920
6.859
27.952
3.572
1.962
4.911
28.022
6.911
10.949
4.498
10.437
33901.74,33817.56,38104.32,38288.34
3.586
33816.96,33730.79,37962.71,38143.18
10.410
27.861
4.922
3.590
3.538
10.907
6.851
4.512
1.952
3.537
6.831
27.879
4.911
10.891
10.432
1.944
33687.73,33609.00,37845.09,37989.63
3.612
4.492
4.908
1.968
10.401
3.587
27.728
6.826
10.910
4.446
33722.08,33637.48,37863.46,38043.81
3.542
3.598
1.973
4.896
3.557
27.841
10.418
10.890
4.490
33806.83,33703.73,37945.91,38130.30
6.838
3.596
10.426
33668.77,33590.13,37824.11,37900.13
4.460
10.917
27.902
6.821
3.615
4.915
1.939
10.885
10.416
4.920
3.594
1.963
27.846
6.846
33749.39,33668.15,37933.73,38027.09
4.494
3.647
1.947
10.862
4.468
33809.84,33729.87,37963.72,38137.24
3.556
27.879
6.826
4.921
3.591
10.413
10.407
4.910
33756.15,33682.56,37925.10,38029.25
4.538
1.943
27.826
11.085
3.606
3.574
6.853
27.995
4.473
4.907
6.832
1.962
3.596
33711.54,33639.10,37891.45,38032.17
10.436
3.552
10.886
3.590
27.858
33775.60,33691.76,37946.71,38075.11
6.848
3.603
1.944
4.511
4.923
10.451
10.908
4.427
3.540
3.583
10.912
4.903
10.412
6.838
1.944
27.807
33897.14,33804.83,38088.79,38182.91
4.493
10.906
33709.92,33608.23,37820.40,38019.94
4.909
27.912
1.948
6.865
3.569
10.428
3.588
27.959
1.943
4.494
3.557
3.570
10.910
4.902
6.853
33672.07,33592.92,37856.98,37975.97
10.433
4.896
3.559
10.852
3.560
27.967
1.941
6.873
4.511
33776.01,33707.74,37935.99,38099.30
10.412
4.892
6.851
3.617
4.506
10.968
27.825
1.942
10.380
3.584
33704.58,33618.84,37837.20,38030.78
10.410
1.941
3.566
6.856
4.915
4.497
27.876
33697.70,33625.22,37888.20,38061.91
3.595
10.881
1.968
6.823
4.913
33866.75,33783.15,38023.40,38244.28
27.884
3.620
11.327
3.545
10.418
4.484
10.420
10.965
3.586
4.919
4.555
28.013
6.857
1.941
3.561
33795.07,33722.51,37950.99,38081.35
33990.36,33888.59,38152.40,38194.32
28.069
10.402
10.901
3.576
4.513
4.916
3.548
1.941
6.844
4.903
33829.55,33737.85,38010.55,38171.74
27.926
6.886
4.463
1.949
3.579
10.900
10.448
3.574
33701.47,33655.86,37852.60,38067.86
1.939
3.610
10.438
4.902
10.881
4.525
6.838
3.574
28.065
6.844
27.851
10.937
33737.76,33689.15,37926.85,38082.85
3.545
1.963
10.405
4.923
3.627
4.780
6.820
3.603
3.581
33724.44,33642.52,37882.76,38059.58
10.440
1.947
4.461
27.868
4.910
10.871
27.921
10.855
4.908
10.424
6.836
33730.35,33641.08,37870.43,38034.07
1.941
4.690
3.547
3.657
3.592
4.460
28.033
1.947
10.431
10.916
3.554
4.911
33661.96,33575.11,37836.55,38032.07
6.839
1.946
10.909
4.463
3.556
27.974
10.385
33946.25,33846.63,38153.15,38199.31
4.911
3.592
6.875
3.576
6.834
27.937
4.453
33684.15,33599.18,37829.94,38012.37
10.962
1.940
4.908
10.459
3.574
3.544
34056.39,33971.63,38271.58,38353.16
10.402
6.836
4.915
3.586
4.468
27.927
1.973
10.863
28.012
33854.46,33781.03,38019.46,38104.89
4.535
10.879
6.834
3.559
10.426
1.962
4.906
3.589
10.428
3.540
4.467
33933.50,33833.57,38099.70,38152.87
1.961
6.860
4.910
3.594
10.942
27.841
4.444
3.585
1.947
3.582
10.924
28.083
33749.28,33677.15,37886.38,38082.06
6.875
4.907
10.390
33913.40,33810.83,38047.47,38194.10
3.619
4.560
6.853
27.930
4.897
3.598
1.944
10.429
10.908
3.565
3.605
1.965
33882.00,33803.72,38035.24,38282.17
4.464
10.422
27.977
4.897
6.832
10.932
1.938
4.911
33797.89,33719.44,37980.10,38105.48
10.445
10.898
27.892
3.589
3.553
6.850
4.498
3.579
4.910
28.062
10.909
10.404
3.549
4.487
6.845
1.943
33758.19,33705.80,37999.01,38063.56
6.855
33773.18,33690.46,37916.69,38139.27
10.926
1.954
10.451
4.537
28.033
3.575
3.594
4.917
3.590
10.421
27.968
4.914
33716.58,33636.20,37860.76,38019.69
4.443
10.915
3.541
1.974
6.843
33917.45,33845.79,38124.17,38271.30
4.569
10.418
10.877
3.588
27.871
1.942
4.920
3.549
6.843
3.592
33928.97,33824.96,38092.91,38290.29
6.870
3.558
10.899
10.434
1.975
4.925
27.978
4.489
6.839
27.973
10.875
33858.99,33770.80,38012.35,38102.83
10.411
3.584
1.948
4.911
4.497
3.522
3.585
1.942
4.448
10.387
33749.84,33666.10,37898.19,38024.54
6.853
10.935
3.548
27.953
4.916
33918.13,33823.87,38065.01,38249.40
10.480
6.848
10.944
3.596
27.992
3.515
4.440
4.910
1.941
27.956
10.867
4.505
1.946
10.419
4.910
6.804
3.602
33703.31,33618.55,37880.92,38096.50
3.558
1.946
6.825
27.785
4.895
33704.41,33632.38,37842.21,38027.06
3.552
3.587
10.946
4.571
10.450
4.909
1.941
6.843
33640.28,33577.61,37782.82,37896.58
10.427
3.500
4.512
3.599
27.998
10.910
10.918
6.816
1.948
4.510
10.430
33819.37,33717.92,37957.29,38097.44
3.555
3.585
4.919
28.113
10.933
1.946
33904.57,33811.57,38028.45,38243.71
6.822
27.896
10.398
3.581
4.919
4.468
3.595
4.924
6.858
4.456
3.579
10.921
3.558
33792.04,33713.06,37988.70,38099.89
10.449
27.951
1.941
4.907
4.492
6.810
33770.37,33691.48,37950.00,38062.29
3.598
10.441
3.580
10.925
1.964
27.880
4.476
33854.24,33774.13,38028.96,38227.02
3.551
28.063
3.607
10.883
10.390
6.841
4.915
1.946
6.904
28.008
4.560
3.569
33705.35,33627.16,37866.36,37967.11
1.939
4.934
3.560
10.930
10.445
33904.92,33808.28,38034.75,38273.82
4.578
3.560
10.431
1.951
4.897
3.570
27.760
10.882
6.840
6.822
33826.91,33738.90,37930.59,38244.95
27.885
10.405
10.933
3.554
4.909
3.597
4.480
1.940
27.906
3.579
4.915
4.496
10.426
6.836
10.915
3.540
1.953
33642.76,33577.11,37801.12,37989.31
33831.14,33758.24,37910.72,38045.42
1.966
10.432
3.550
10.882
3.592
4.916
27.932
6.817
4.477
6.854
3.603
4.475
10.376
27.937
1.972
3.586
33759.14,33681.52,37935.70,38102.74
10.923
4.923
33939.85,33855.08,38119.99,38144.54
3.546
27.819
4.909
4.508
1.970
10.413
3.588
10.933
6.851
1.948
4.484
33781.12,33712.56,37938.00,38156.13
10.962
6.887
3.566
3.631
4.904
10.417
27.862
4.914
3.598
1.941
27.985
10.415
4.481
3.573
10.902
6.837
33873.20,33762.26,38045.22,38069.87
33869.50,33765.37,38031.48,38144.31
10.916
3.622
4.911
6.832
1.939
10.431
27.966
3.562
4.453
10.392
4.909
27.941
33818.83,33752.37,37991.23,37959.13
10.901
3.533
6.856
3.591
4.513
1.963
4.913
1.944
10.431
3.573
33659.38,33578.82,37779.94,38085.38
4.459
27.864
6.841
3.552
10.891
3.564
33630.51,33584.18,37749.89,37840.83
3.587
6.830
10.429
27.947
10.902
1.965
4.917
4.490
1.950
3.600
33798.24,33722.33,37920.64,37946.23
4.489
10.916
3.611
10.440
28.032
6.859
4.904
4.900
10.430
4.528
33744.78,33657.21,37863.92,38021.38
6.858
10.895
27.923
1.947
3.575
3.593
3.576
3.622
4.915
27.924
33817.73,33740.16,38003.14,38154.88
6.825
1.950
10.433
4.495
10.890
3.540
33836.22,33753.97,37934.58,38167.01
1.937
4.906
27.824
4.565
6.911
10.881
3.584
10.399
3.585
10.855
27.990
1.938
6.818
4.910
3.583
10.430
4.491
33742.27,33647.21,37903.00,38030.07
4.890
6.874
3.555
4.440
3.574
10.405
28.057
1.970
33750.33,33671.79,37891.42,38135.93
10.880
1.948
10.399
6.840
27.795
4.912
3.590
4.488
33721.00,33654.90,37915.97,38054.57
3.547
10.905
3.571
6.868
1.951
4.488
33791.89,33723.49,37975.85,38073.60
4.921
10.937
10.451
27.818
3.615
34043.60,33955.77,38227.24,38253.40
10.895
6.834
4.901
10.457
1.963
27.855
4.445
3.598
3.552
10.380
3.530
6.818
27.884
4.500
1.943
10.903
33775.29,33706.22,37880.17,38079.51
4.895
3.578
4.909
3.570
4.453
33731.01,33648.30,37890.51,38028.91
27.895
3.529
10.887
1.968
6.835
10.404
4.917
4.447
1.968
33880.99,33797.60,38058.90,38191.49
10.926
10.440
6.847
3.581
27.904
3.548
3.575
4.914
1.945
10.392
33834.96,33725.02,37979.76,38173.84
6.849
3.551
4.456
10.863
27.854
4.896
3.580
3.557
10.443
10.968
1.950
6.840
27.789
33677.02,33604.80,37820.28,37974.63
4.472
4.508
1.962
10.854
6.870
3.594
10.426
33799.31,33706.30,37951.27,38051.87
27.832
4.907
3.591
33762.90,33707.76,37962.63,38053.13
28.028
3.591
6.827
3.585
10.403
4.912
4.503
10.909
1.951
10.881
3.577
10.427
4.910
3.526
1.938
33768.00,33686.77,37915.95,38022.59
27.882
4.478
6.878
10.923
10.419
6.823
33664.44,33562.20,37797.89,37952.66
27.900
3.591
4.484
3.565
4.924
1.941
6.852
3.564
27.953
4.914
33667.76,33594.51,37870.79,37984.32
4.462
10.968
3.593
1.943
10.413
34001.83,33906.12,38160.89,38340.49
3.579
27.850
3.528
10.923
4.473
4.910
10.437
1.944
6.806
27.836
3.543
10.869
6.878
1.940
4.508
10.444
4.064
4.960
33254.22,33185.80,37467.53,37687.71
10.877
33890.76,33796.94,38067.98,38254.29
27.899
6.834
3.574
4.896
1.942
10.418
3.552
4.483
28.070
3.574
33844.08,33751.72,37996.03,38129.48
4.510
10.886
1.948
4.907
10.444
6.826
3.542
10.927
27.964
6.855
10.401
33801.64,33734.55,37985.89,38146.83
4.510
1.962
3.550
3.599
4.914
4.513
4.902
3.583
10.890
27.865
10.422
1.942
6.868
3.619
33558.50,33507.30,37769.12,37854.62
3.532
10.905
4.910
6.837
4.489
27.935
10.386
1.969
3.583
33792.42,33701.79,37938.49,38075.76
3.561
1.972
33698.45,33646.66,37767.82,38022.89
6.845
27.872
10.398
3.576
10.922
4.914
4.515
6.818
10.842
3.580
3.582
1.941
4.901
33766.86,33691.78,37964.67,38164.85
27.873
4.512
10.396
1.940
33882.57,33818.57,38024.19,38230.11
3.587
10.444
4.514
4.930
10.897
27.794
6.854
3.564
1.949
4.514
10.400
10.972
3.542
27.848
6.810
4.923
33679.71,33619.75,37842.65,37982.10
3.576
3.568
11.006
4.897
28.094
4.522
6.824
3.547
1.945
10.382
33760.93,33683.85,37946.31,38095.57
6.824
33858.35,33775.31,37976.56,38130.72
10.920
10.397
3.567
4.545
27.774
4.901
3.555
1.945
4.904
3.637
10.459
27.949
10.885
1.949
4.512
6.862
3.575
33758.28,33683.03,37904.52,38024.75
10.398
4.912
1.981
27.867
10.963
33754.30,33692.51,37903.64,38156.00
3.599
6.875
3.553
4.475
27.968
1.946
4.500
6.824
33648.58,33563.51,37820.25,37902.17
10.404
3.544
4.904
3.579
10.923
33995.21,33896.38,38164.98,38245.96
10.953
4.921
27.958
6.848
3.540
3.612
10.439
4.478
1.972
4.919
3.525
33787.64,33692.16,37907.36,38121.45
10.870
1.943
6.845
10.444
3.572
27.943
4.500
28.051
6.883
3.555
10.980
33731.72,33646.91,37907.17,37990.28
4.511
4.929
3.580
10.411
1.940
10.431
4.893
10.898
4.453
28.000
6.824
1.971
33737.62,33650.10,37836.11,38008.21
3.586
3.600
10.894
4.463
27.957
10.416
3.526
33873.53,33802.62,38061.39,38134.92
1.972
6.868
3.591
4.930
6.850
3.588
4.902
1.945
4.470
28.034
33748.68,33677.09,37895.05,38098.80
3.582
10.888
10.449
10.399
6.836
3.633
4.897
10.956
28.046
33744.75,33654.71,37898.29,38055.13
3.608
1.943
4.613
3.510
33855.44,33765.86,38040.89,38261.26
3.589
27.884
1.946
4.515
10.907
10.400
4.913
6.818
4.908
10.945
27.927
3.597
4.552
10.393
6.847
1.942
3.597
33829.19,33733.23,38012.41,38075.27
4.510
4.914
10.437
3.516
6.826
33790.04,33702.35,37886.09,38091.87
10.885
1.943
27.952
3.587
10.407
4.916
3.561
3.576
33801.15,33714.68,37929.78,38152.10
27.966
4.546
6.855
10.945
1.945
27.893
10.432
33657.30,33577.27,37803.10,38048.74
3.560
10.881
3.590
1.944
6.847
4.429
4.916
33813.11,33703.44,37928.05,38193.54
1.944
10.914
4.908
27.851
6.863
4.545
3.563
10.427
3.592
10.903
10.397
3.557
33869.87,33763.11,37982.39,38116.28
1.945
4.916
3.574
6.868
27.899
4.494
6.827
4.907
1.943
33765.23,33676.21,37946.66,38068.75
3.572
10.935
27.833
10.397
4.502
3.573
