50733.3508970237
130860.277811843
67981.1367731803
48856.3676361505
130313.714598926
65553.3675716885
51172.2804943217
133286.782312197
66717.3151302813
51150.1010158868
129047.396207513
69782.5281678291
50398.2710114449
132162.649060914
67962.5596120446
50183.3204898661
133407.748380103
79107.0292242562
51563.0827026957
134265.593878274
70967.5449098755
50587.8885157276
131520.165508854
69282.8449203545
49753.2987846743
134694.618303555
69323.8975439488
49257.9758745763
129834.078961961
66241.3592984058
49629.8780638718
135995.04238671
75240.9438077081
49208.4330696166
126682.235001419
63895.4379433235
48011.6027099153
130586.451567084
67277.233064599
50031.5098405091
131725.983901073
73988.4847221991
49691.5188289016
130545.655002933
78248.1528306393
52220.0597431359
129529.731962549
79365.9850934854
51454.419912191
132746.553798887
73462.1503290293
49579.8949035101
130779.124135069
78160.8117516035
49332.948723467
133314.55587369
73827.2065634988
50934.0938657996
128589.14857876
68630.6417551213
50480.8389329033
133105.931791115
78301.0065619724
48013.6228781795
130551.521542768
82605.8027728274
48854.774327044
129552.521954753
80298.470385545
49813.8959590729
134223.351552582
80004.9707725506
50337.2000262274
133546.587883005
73914.4769777365
51673.7821470155
131942.048489477
65706.8297666049
52033.8943731079
129199.997102187
72131.3859762268
48899.3578037526
131921.85851818
71266.2489952813
49804.8690719685
130331.99990298
69123.7296523767
50776.840933997
131961.636426452
77417.386355292
51971.1764379387
128926.8989473
70156.7466471877
49091.4983705643
132803.976364738
70152.4791138412
51155.4324816468
135736.542946918
68665.1652350945
50030.5348308263
129188.985206797
64823.1095889889
51895.7513860407
128161.053134884
66362.684302948
50345.1121584861
133315.919799108
67608.8097179415
52240.9786581001
129047.742370331
67044.1160099939
51789.6349118628
133283.201450833
75408.1514633304
50719.0281782231
128737.098753921
66244.9367339469
50818.5909596812
133468.535642278
65936.3853437053
49433.4353644846
132464.921638481
67498.1785614952
49248.0207452663
126321.781382311
74493.0998758075
51317.8048056852
132031.289728759
73945.3360871918
49193.7104032771
124323.969164002
70644.2069929754
49217.0061865136
134228.074701696
68758.2368923716
49990.937649834
131575.170681251
69491.2428019138
50347.9847751993
131813.007587888
69112.8680419548
50654.4008544169
133302.007090368
75123.305608233
48137.4002482719
126953.28543978
71110.5190502408
49586.0088472999
126242.859996316
70876.0260257839
64638.060760443
130536.668377953
52140.7257017239
49428.7846162765
125872.368858186
63632.6072106386
130747.152956622
68432.5690064987
50295.9402554017
54230.3863287548
72175.7835684278
133686.779385844
131237.090099423
51579.062882898
69423.5345020507
63696.3313081003
51486.5126180297
130557.845556665
51328.6240117499
134207.602472745
66261.8554936204
131675.612661453
49842.5480650078
73380.3169180315
49408.5119597333
128567.794842151
73233.3741570667
68782.7601966882
49265.2347072603
131325.252442367
72015.5125650666
48833.6520942524
132888.33241357
132630.328755157
49603.1797489093
72663.5240942485
49465.2465424706
72635.2473417179
135413.250100747
63900.232263829
133724.900002979
50638.5584267509
131268.217131349
48126.8418673305
71576.8261530779
68532.4503413286
129513.723645661
50039.191423868
50685.4282049002
130306.361182971
69764.2675643676
65561.102140366
128111.870371817
50682.0006334581
136096.112557582
71412.0476791938
49907.9430386675
48824.5952262405
132537.721372792
67340.817842923
131751.466291232
66766.3481166998
49393.0409563627
62614.1178136813
48414.5488832537
126520.362132058
49194.0393402315
131099.746708514
64614.4386446439
66414.8979587189
50051.8752536685
129546.384625474
67835.9714924191
50556.7142904435
132004.610532093
68236.6973448135
132745.70634019
49660.1786965628
68776.8853470756
49886.9450252689
130420.221121101
64944.4021909403
48313.1779085427
131149.50824835
63526.5305571633
49886.9054999765
128403.615442099
130096.647764042
49698.8221325808
67762.8375047384
65144.207887943
50188.8876588141
131351.185474798
70369.124264805
131813.715900371
50216.2002041858
136778.474757434
68158.976467365
49807.1757099649
67632.8047005456
50732.8974724427
135238.096712047
50917.4227597811
135160.665617835
63683.4834357753
132705.838717155
48009.3753589714
65817.7431428186
64582.6887391764
48777.8724248866
132388.692752185
136386.576995519
68854.075416502
51177.3359669905
66520.3224012871
129993.644133885
49997.1883754313
69305.2872154999
48226.3981424773
132845.417994085
60279.9907717391
51402.4918529276
134838.059583655
63381.2832691781
49381.3044871467
131198.372447745
50703.0195920925
125477.413703945
65562.245564681
125361.653259161
66940.8545350307
51679.899445711
133286.578370972
71444.7186012208
49789.4393204811
63607.6842906994
50667.6714014384
129818.97812268
51774.7811158766
133238.35386628
72763.2292269502
50914.2038110321
68160.8016612782
129214.789164052
130213.852573222
73260.4402672143
49453.1882397359
65515.4751905201
132021.157368589
50141.7680357889
